0 9 2 -2.30517507319
1 10 2 -1.75198377215
2 11 2 -0.387860237495
3 12 2 -1.83408096656
4 13 2 -0.790482070158
5 14 2 0.954886329121
6 15 2 -1.09789708192
7 16 2 0.309728272068
8 17 2 2.29948933326
9 18 2 -1.9011594133
10 19 2 -0.763908773991
11 20 2 1.04989683482
12 21 2 -1.12380225312
13 22 2 0.382837179281
14 23 2 2.47818603269
15 24 2 -0.552826198927
16 25 2 0.823221234498
17 26 2 4.50000000001
18 21 1 -0.725490332117
19 22 1 0.792472640612
20 23 1 2.69645680529
21 24 1 -0.132736787983
22 25 1 1.16266319938
23 26 1 4.51775047887
24 25 0 10.3943675665
25 26 0 18.0000000336
