1 9 8.35626904415e-06 11.9280896763 0 2 8.35626904415e-06
2 10 2.73979113012e-05 12.9962323967 0 2 2.73979113012e-05
3 9 1.16127526967e-08 0.320055152902 1 2 1.16127526967e-08
4 10 5.3605740843e-09 0.284243540726 1 2 5.3605740843e-09
4 12 9.74536258375e-06 12.0939569698 0 2 9.75072315784e-06
5 11 7.35516277789e-10 0.163393176706 1 2 7.35516277789e-10
5 13 3.04054570312e-05 13.0855565101 0 2 3.04061925474e-05
6 12 1.93546172083e-08 0.316623715588 1 2 1.93546172083e-08
7 13 7.36575130962e-09 0.260863423266 1 2 7.36575130962e-09
7 15 1.10733482773e-05 12.281428642 0 2 1.10807140286e-05
8 14 2.89246437056e-10 0.0979220388702 1 2 2.89246437056e-10
8 16 3.27290430708e-05 12.9986468844 0 2 3.27293323172e-05
10 18 4.97985428042e-06 12.141047971 0 2 4.97985428042e-06
11 19 1.54844744552e-05 13.2410406114 0 2 1.54844744552e-05
12 18 4.76550089278e-09 0.316213021293 1 2 4.76550089278e-09
13 19 1.71718244335e-09 0.256577905371 1 2 1.71718244335e-09
13 21 5.68681173325e-06 12.3494199409 0 2 5.6885289157e-06
14 20 1.37608886914e-10 0.122138752942 1 2 1.37608886914e-10
14 22 1.69391850516e-05 13.3489060515 0 2 1.69393226604e-05
15 21 7.4628599668e-09 0.310069475792 1 2 7.4628599668e-09
16 22 1.84223013727e-09 0.219256882382 1 2 1.84223013727e-09
16 24 6.48261826205e-06 12.4509622907 0 2 6.48446049219e-06
17 23 4.66066167085e-41 7.11253278496e-12 1 2 4.66066167085e-41
17 25 1.96503783864e-05 13.5 0 2 1.96503783864e-05
