0 9 2.38898109825e-07 2 73.16801667
0 3 9.99527564234e-06 1 72.8529020405
0 1 0.000204679731695 0 62.8013172595
1 10 6.06244620797e-07 2 72.5170940066
1 4 1.43030416732e-05 1 72.2131218155
1 2 0.000113902147304 0 60.5811411525
2 11 1.06192002764e-06 2 71.6347371128
2 5 1.92603125661e-05 1 71.4214494595
3 12 3.09385701153e-07 2 72.7010626406
3 6 5.58309268013e-06 1 72.3803831523
3 4 0.00020523186886 0 62.1949630627
4 13 7.18014930769e-07 2 71.9037049054
4 7 7.9073902231e-06 1 71.6186971826
4 5 0.000114129532061 0 59.8019781037
5 14 1.15851793116e-06 2 70.9016309884
5 8 1.03865988316e-05 1 70.7373494377
6 15 3.78017030426e-07 2 72.1488514982
6 7 0.000206050670227 0 61.4684713598
7 16 8.24664491948e-07 2 71.213958591
7 8 0.000114410988588 0 58.924841271
8 17 1.23402806676e-06 2 70.0975824886
9 18 1.54878915648e-07 2 72.6995194543
9 12 1.11686627227e-05 1 72.3784644401
9 10 0.000204764272237 0 62.1920716898
10 19 3.71323052827e-07 2 71.8767736179
10 13 1.6079927843e-05 1 71.5931461501
10 11 0.000114302852547 0 59.7279526121
11 20 6.1094020871e-07 2 70.8591262318
11 14 2.14888761113e-05 1 70.6835746305
12 21 1.92206271069e-07 2 72.1380394253
12 15 6.21226282759e-06 1 71.8211621113
12 13 0.000205613357661 0 61.440296886
13 22 4.25017160161e-07 2 71.1846064187
13 16 8.81133340679e-06 1 70.9272074609
13 14 0.000114704332912 0 58.8274949587
14 23 6.7206069917e-07 2 70.0603905977
14 17 1.14689771457e-05 1 69.9372664982
15 24 2.37322699775e-07 2 71.4211345941
15 16 0.000206409680174 0 60.6086208752
16 25 4.98940853505e-07 2 70.3115108194
16 17 0.000115029827524 0 57.8529740047
17 26 7.66936993568e-07 2 68.9970315618
18 21 1.25145176447e-05 1 71.8099024876
18 19 0.00020516316911 0 61.4105018537
19 22 1.78753285316e-05 1 70.8986828455
19 20 0.000114981616002 0 58.7313878491
20 23 2.34655419768e-05 1 69.889151526
21 24 7.2633452404e-06 1 71.1081307192
21 22 0.000205985254491 0 60.5546975602
22 25 1.0075561497e-05 1 70.0848801889
22 23 0.000115459979119 0 57.7391484553
23 26 1.31385272524e-05 1 68.9781457476
24 25 0.00020161665379 0 59.2939394453
25 26 0.00011479548264 0 55.4899945816
