9 0 18 0.0676132696154 1.83675974863 2 1
3 0 12 0.10416434195 1.82158872418 2 1
1 0 10 0.489033962713 3.81816924139 2 1
10 1 19 0.0391116150481 1.11179373832 2 1
4 1 13 0.0381411524928 1.00575475894 2 1
2 1 11 0.253602892216 1.48318066564 2 1
12 3 21 0.0355494533025 1.27114419865 2 1
6 3 15 0.0462808725162 1.20782024828 2 1
4 3 13 0.320858148188 3.15306120984 2 1
13 4 22 0.0134111606493 0.0715190060619 2 1
5 4 14 0.174403400075 0.288156038326 2 1
15 6 24 0.0310817683016 0.370282681956 2 1
7 6 16 0.210934826216 2.12792124859 2 1
18 9 21 0.0214123530977 1.01230233298 1 1
12 9 21 0.034571624881 1.26188418228 2 1
10 9 19 0.27467394972 3.23402212184 2 1
11 10 20 0.149150223772 0.196747374149 2 1
21 12 24 0.0177796628812 0.0947496152122 1 1
15 12 24 0.0277551763495 0.303116599981 2 1
13 12 22 0.172857510103 2.14514113108 2 1
16 15 25 0.0910205440556 0.677830962542 2 1
21 18 24 0.01577981728 0.0239004773475 1 1
19 18 22 0.133599757309 1.90119432455 1 1
22 21 25 0.0605431483035 0.425441739564 1 1
