1 6 0.000914698280001 18.8654372698 0 1 1 0.000914698280001
1 12 0.00185040378549 19.3941249609 0 1 2 0.00276510206549
1 18 0.00255477039725 19.922812652 0 2 2 0.00531987246274
2 7 0.002468597753 19.4531619611 0 1 1 0.002468597753
2 13 0.00565978477448 19.8722898804 0 1 2 0.00812838252748
2 19 0.00889303020454 20.2914177996 0 2 2 0.017021412732
4 15 0.00110669765138 18.8198557659 0 1 2 0.00110669765138
4 21 0.00315015674336 19.3287231992 0 2 2 0.00425685439474
5 16 0.00328548690932 19.1122093303 0 1 2 0.00328548690932
5 22 0.0105465861599 19.4779668858 0 2 2 0.0138320730692
7 24 0.00380200680466 18.699189679 0 2 2 0.00380200680466
8 25 0.0125312268435 18.4562157516 0 2 2 0.0125312268435
10 15 0.00108021395572 18.3426809199 0 1 1 0.00108021395572
10 27 0.00162024006114 19.3526973789 0 2 2 0.00270045401686
10 21 0.0017029374461 18.8476891494 0 1 2 0.00440339146297
11 16 0.00289094750056 18.8847840786 0 1 1 0.00289094750056
11 22 0.00502466602587 19.2525358456 0 1 2 0.00791561352643
11 28 0.00533092239062 19.6202876127 0 2 2 0.013246535917
13 24 0.000998697348541 18.2513159884 0 1 2 0.000998697348541
13 30 0.00195852035734 18.7236358512 0 2 2 0.00295721770588
14 25 0.00287455437311 18.4644058089 0 1 2 0.00287455437311
14 31 0.00622534319681 18.7659160251 0 2 2 0.00909989756992
16 33 0.0022988000361 18.060731274 0 2 2 0.0022988000361
17 34 0.00726008799919 17.6718079761 0 2 2 0.00726008799919
19 36 0.000671171399566 18.7481801148 0 2 2 0.000671171399566
19 24 0.00126694089167 17.8142207041 0 1 1 0.00193811229124
19 30 0.00136799185832 18.2812004094 0 1 2 0.00330610414956
20 37 0.00208308234721 18.9103875004 0 2 2 0.00208308234721
20 25 0.00335005437268 18.2975458581 0 1 1 0.00543313671989
20 31 0.00389111953226 18.6039666793 0 1 2 0.00932425625215
22 33 0.000786874505295 17.6679371265 0 1 2 0.000786874505295
22 39 0.000789875304977 18.0913866732 0 2 2 0.00157674981027
23 34 0.00219936751214 17.7867015416 0 1 2 0.00219936751214
23 40 0.0023838231699 18.0172504467 0 2 2 0.00458319068204
25 42 0.000901596635661 17.369548355 0 2 2 0.000901596635661
26 43 0.00274806483455 16.8035825979 0 2 2 0.00274806483455
28 39 0.000806587228951 17.7041845162 0 1 2 0.000806587228951
28 33 0.00146755438479 17.2867237464 0 1 1 0.00227414161374
29 40 0.00221287713358 17.9226627448 0 1 2 0.00221287713358
29 34 0.00381127636912 17.6780314807 0 1 1 0.00602415350269
31 42 0.000453283838623 17.0615320035 0 1 2 0.000453283838623
32 43 0.00122399255338 17.0566193209 0 1 2 0.00122399255338
37 42 0.00164801880485 16.7572346971 0 1 1 0.00164801880485
38 43 0.0041655699943 16.9029759257 0 1 1 0.0041655699943
