0.0001 1.06993339334e-31 0 0 0 0 0 0 1 0 0 0 0 0 0 0 0 0 0
1.0000999 8.7999095752e-31 0 0 0 0 0 0 1 0 0 0 0 0 0 0 0 0 0
2.0000998 5.79789168013e-30 0 0 0 0 0 0 1 0 0 0 0 0 0 0 0 0 0
3.0000997 3.06007736028e-29 0 0 0 0 0 0 1 0 0 0 0 0 0 0 0 0 0
4.0000996 1.29379400645e-28 0 0 0 0 0 0 1 0 0 0 0 0 0 0 0 0 0
5.0000995 4.38195874729e-28 0 0 0 0 0 0 1 0 0 0 0 0 0 0 0 0 0
6.0000994 1.1888904955e-27 0 0 0 0 0 0 1 0 0 0 0 0 0 0 0 0 0
7.0000993 2.58396035561e-27 0 0 0 0 0 0 1 0 0 0 0 0 0 0 0 0 0
8.0000992 4.49883699668e-27 0 0 0 0 0 0 1 0 0 0 0 0 0 0 0 0 0
9.0000991 6.274586205e-27 0 0 0 0 0 0 1 0 0 0 0 0 0 0 0 0 0
10.000099 7.01036036658e-27 0 0 0 0 0 0 1 0 0 0 0 0 0 0 0 0 0
11.0000989 6.27431064502e-27 0 0 0 0 0 0 1 0 0 0 0 0 0 0 0 0 0
12.0000988 4.49844185598e-27 0 0 0 0 0 0 1 0 0 0 0 0 0 0 0 0 0
13.0000987 2.58361993247e-27 0 0 0 0 0 0 1 0 0 0 0 0 0 0 0 0 0
14.0000986 1.18868166002e-27 0 0 0 0 0 0 1 0 0 0 0 0 0 0 0 0 0
15.0000985 4.38099662296e-28 0 0 0 0 0 0 1 0 0 0 0 0 0 0 0 0 0
16.0000984 1.29345312784e-28 0 0 0 0 0 0 1 0 0 0 0 0 0 0 0 0 0
17.0000983 3.05913676179e-29 0 0 0 0 0 0 1 0 0 0 0 0 0 0 0 0 0
18.0000982 5.79585499271e-30 0 0 0 0 0 0 1 0 0 0 0 0 0 0 0 0 0
19.0000981 8.79643200842e-31 0 0 0 0 0 0 1 0 0 0 0 0 0 0 0 0 0
20.000098 1.06946360529e-31 0 0 0 0 0 0 1 0 0 0 0 0 0 0 0 0 0
21.0000979 1.0415878134e-32 0 0 0 0 0 0 1 0 0 0 0 0 0 0 0 0 0
22.0000978 8.12636249052e-34 0 0 0 0 0 0 1 0 0 0 0 0 0 0 0 0 0
23.0000977 5.07886784538e-35 0 0 0 0 0 0 1 0 0 0 0 0 0 0 0 0 0
24.0000976 2.54277571267e-36 0 0 0 0 0 0 1 0 0 0 0 0 0 0 0 0 0
25.0000975 1.01981082475e-37 0 0 0 0 0 0 1 0 0 0 0 0 0 0 0 0 0
26.0000974 3.2764353349e-39 0 0 0 0 0 0 1 0 0 0 0 0 0 0 0 0 0
27.0000973 8.43245447316e-41 0 0 0 0 0 0 1 0 0 0 0 0 0 0 0 0 0
28.0000972 1.73850854611e-42 0 0 0 0 0 0 1 0 0 0 0 0 0 0 0 0 0
29.0000971 2.87124383281e-44 0 0 0 0 0 0 1 0 0 0 0 0 0 0 0 0 0
30.000097 3.7986890203e-46 0 0 0 0 0 0 1 0 0 0 0 0 0 0 0 0 0
31.0000969 4.02594491405e-48 0 0 0 0 0 0 1 0 0 0 0 0 0 0 0 0 0
32.0000968 3.41800218234e-50 0 0 0 0 0 0 1 0 0 0 0 0 0 0 0 0 0
33.0000967 2.3245948095e-52 0 0 0 0 0 0 1 0 0 0 0 0 0 0 0 0 0
34.0000966 1.26646330962e-54 0 0 0 0 0 0 1 0 0 0 0 0 0 0 0 0 0
35.0000965 5.5272407538e-57 0 0 0 0 0 0 1 0 0 0 0 0 0 0 0 0 0
36.0000964 1.9323890679e-59 0 0 0 0 0 0 1 0 0 0 0 0 0 0 0 0 0
37.0000963 5.41191768746e-62 0 0 0 0 0 0 1 0 0 0 0 0 0 0 0 0 0
38.0000962 1.21416641e-64 0 0 0 0 0 0 1 0 0 0 0 0 0 0 0 0 0
39.0000961 2.18210510793e-67 0 0 0 0 0 0 1 0 0 0 0 0 0 0 0 0 0
40.000096 3.14154683414e-70 0 0 0 0 0 0 1 0 0 0 0 0 0 0 0 0 0
41.0000959 3.62311260418e-73 0 0 0 0 0 0 1 0 0 0 0 0 0 0 0 0 0
42.0000958 3.34726846357e-76 0 0 0 0 0 0 1 0 0 0 0 0 0 0 0 0 0
43.0000957 2.47724910638e-79 0 0 0 0 0 0 1 0 0 0 0 0 0 0 0 0 0
44.0000956 1.46865313165e-82 0 0 0 0 0 0 1 0 0 0 0 0 0 0 0 0 0
45.0000955 6.97491969219e-86 0 0 0 0 0 0 1 0 0 0 0 0 0 0 0 0 0
46.0000954 2.6535642538e-89 0 0 0 0 0 0 1 0 0 0 0 0 0 0 0 0 0
47.0000953 8.08705553314e-93 0 0 0 0 0 0 1 0 0 0 0 0 0 0 0 0 0
48.0000952 1.97433872197e-96 0 0 0 0 0 0 1 0 0 0 0 0 0 0 0 0 0
49.0000951 3.86120910653e-100 0 0 0 0 0 0 1 0 0 0 0 0 0 0 0 0 0
50.000095 6.04916458592e-104 0 0 0 0 0 0 1 0 0 0 0 0 0 0 0 0 0
51.0000949 7.59168012453e-108 0 0 0 0 0 0 1 0 0 0 0 0 0 0 0 0 0
52.0000948 7.63221895976e-112 0 0 0 0 0 0 1 0 0 0 0 0 0 0 0 0 0
53.0000947 6.14658883063e-116 0 0 0 0 0 0 1 0 0 0 0 0 0 0 0 0 0
54.0000946 3.96540841828e-120 0 0 0 0 0 0 1 0 0 0 0 0 0 0 0 0 0
55.0000945 2.04933098609e-124 0 0 0 0 0 0 1 0 0 0 0 0 0 0 0 0 0
56.0000944 8.48411818717e-129 0 0 0 0 0 0 1 0 0 0 0 0 0 0 0 0 0
57.0000943 2.81366075802e-133 0 0 0 0 0 0 1 0 0 0 0 0 0 0 0 0 0
58.0000942 7.47493082517e-138 0 0 0 0 0 0 1 0 0 0 0 0 0 0 0 0 0
59.0000941 1.59079069868e-142 0 0 0 0 0 0 1 0 0 0 0 0 0 0 0 0 0
60.000094 2.711997774e-147 0 0 0 0 0 0 1 0 0 0 0 0 0 0 0 0 0
61.0000939 3.70370199174e-152 0 0 0 0 0 0 1 0 0 0 0 0 0 0 0 0 0
62.0000938 4.0518481599e-157 0 0 0 0 0 0 1 0 0 0 0 0 0 0 0 0 0
63.0000937 3.55091854271e-162 0 0 0 0 0 0 1 0 0 0 0 0 0 0 0 0 0
64.0000936 2.49286452938e-167 0 0 0 0 0 0 1 0 0 0 0 0 0 0 0 0 0
65.0000935 1.40193238156e-172 0 0 0 0 0 0 1 0 0 0 0 0 0 0 0 0 0
66.0000934 6.31576375728e-178 0 0 0 0 0 0 1 0 0 0 0 0 0 0 0 0 0
67.0000933 2.27926649801e-183 0 0 0 0 0 0 1 0 0 0 0 0 0 0 0 0 0
68.0000932 6.58923137956e-189 0 0 0 0 0 0 1 0 0 0 0 0 0 0 0 0 0
69.0000931 1.52596590286e-194 0 0 0 0 0 0 1 0 0 0 0 0 0 0 0 0 0
70.000093 2.83090517175e-200 0 0 0 0 0 0 1 0 0 0 0 0 0 0 0 0 0
71.0000929 4.20703606201e-206 0 0 0 0 0 0 1 0 0 0 0 0 0 0 0 0 0
72.0000928 5.00838340988e-212 0 0 0 0 0 0 1 0 0 0 0 0 0 0 0 0 0
73.0000927 4.77627498474e-218 0 0 0 0 0 0 1 0 0 0 0 0 0 0 0 0 0
74.0000926 3.64881208274e-224 0 0 0 0 0 0 1 0 0 0 0 0 0 0 0 0 0
75.0000925 2.23297619322e-230 0 0 0 0 0 0 1 0 0 0 0 0 0 0 0 0 0
76.0000924 1.09467981231e-236 0 0 0 0 0 0 1 0 0 0 0 0 0 0 0 0 0
77.0000923 4.29893170628e-243 0 0 0 0 0 0 1 0 0 0 0 0 0 0 0 0 0
78.0000922 1.35239763728e-249 0 0 0 0 0 0 1 0 0 0 0 0 0 0 0 0 0
79.0000921 3.40814984886e-256 0 0 0 0 0 0 1 0 0 0 0 0 0 0 0 0 0
80.000092 6.88023671264e-263 0 0 0 0 0 0 1 0 0 0 0 0 0 0 0 0 0
81.0000919 1.11264981412e-269 0 0 0 0 0 0 1 0 0 0 0 0 0 0 0 0 0
82.0000918 1.44139841381e-276 0 0 0 0 0 0 1 0 0 0 0 0 0 0 0 0 0
83.0000917 1.49582228991e-283 0 0 0 0 0 0 1 0 0 0 0 0 0 0 0 0 0
84.0000916 1.24350169604e-290 0 0 0 0 0 0 1 0 0 0 0 0 0 0 0 0 0
85.0000915 8.28100761486e-298 0 0 0 0 0 0 1 0 0 0 0 0 0 0 0 0 0
86.0000914 4.4176408649e-305 0 0 0 0 0 0 1 0 0 0 0 0 0 0 0 0 0
87.0000913 1.88785245951e-312 0 0 0 0 0 0 1 0 0 0 0 0 0 0 0 0 0
88.0000912 6.46287271325e-320 0 0 0 0 0 0 1 0 0 0 0 0 0 0 0 0 0
89.0000911 0 0 0 0 0 0 0 1 0 0 0 0 0 0 0 0 0 0
90.000091 0 0 0 0 0 0 0 1 0 0 0 0 0 0 0 0 0 0
91.0000909 0 0 0 0 0 0 0 1 0 0 0 0 0 0 0 0 0 0
92.0000908 0 0 0 0 0 0 0 1 0 0 0 0 0 0 0 0 0 0
93.0000907 0 0 0 0 0 0 0 1 0 0 0 0 0 0 0 0 0 0
94.0000906 0 0 0 0 0 0 0 1 0 0 0 0 0 0 0 0 0 0
95.0000905 0 0 0 0 0 0 0 1 0 0 0 0 0 0 0 0 0 0
96.0000904 0 0 0 0 0 0 0 1 0 0 0 0 0 0 0 0 0 0
97.0000903 0 0 0 0 0 0 0 1 0 0 0 0 0 0 0 0 0 0
98.0000902 0 0 0 0 0 0 0 1 0 0 0 0 0 0 0 0 0 0
99.0000901 0 0 0 0 0 0 0 1 0 0 0 0 0 0 0 0 0 0
100.00009 0 0 0 0 0 0 0 1 0 0 0 0 0 0 0 0 0 0
101.0000899 0 0 0 0 0 0 0 1 0 0 0 0 0 0 0 0 0 0
102.0000898 0 0 0 0 0 0 0 1 0 0 0 0 0 0 0 0 0 0
103.0000897 0 0 0 0 0 0 0 1 0 0 0 0 0 0 0 0 0 0
104.0000896 0 0 0 0 0 0 0 1 0 0 0 0 0 0 0 0 0 0
105.0000895 0 0 0 0 0 0 0 1 0 0 0 0 0 0 0 0 0 0
106.0000894 0 0 0 0 0 0 0 1 0 0 0 0 0 0 0 0 0 0
107.0000893 0 0 0 0 0 0 0 1 0 0 0 0 0 0 0 0 0 0
108.0000892 0 0 0 0 0 0 0 1 0 0 0 0 0 0 0 0 0 0
109.0000891 0 0 0 0 0 0 0 1 0 0 0 0 0 0 0 0 0 0
110.000089 0 0 0 0 0 0 0 1 0 0 0 0 0 0 0 0 0 0
111.0000889 0 0 0 0 0 0 0 1 0 0 0 0 0 0 0 0 0 0
112.0000888 0 0 0 0 0 0 0 1 0 0 0 0 0 0 0 0 0 0
113.0000887 0 0 0 0 0 0 0 1 0 0 0 0 0 0 0 0 0 0
114.0000886 0 0 0 0 0 0 0 1 0 0 0 0 0 0 0 0 0 0
115.0000885 0 0 0 0 0 0 0 1 0 0 0 0 0 0 0 0 0 0
116.0000884 0 0 0 0 0 0 0 1 0 0 0 0 0 0 0 0 0 0
117.0000883 0 0 0 0 0 0 0 1 0 0 0 0 0 0 0 0 0 0
118.0000882 0 0 0 0 0 0 0 1 0 0 0 0 0 0 0 0 0 0
119.0000881 0 0 0 0 0 0 0 1 0 0 0 0 0 0 0 0 0 0
120.000088 0 0 0 0 0 0 0 1 0 0 0 0 0 0 0 0 0 0
121.0000879 0 0 0 0 0 0 0 1 0 0 0 0 0 0 0 0 0 0
122.0000878 0 0 0 0 0 0 0 1 0 0 0 0 0 0 0 0 0 0
123.0000877 0 0 0 0 0 0 0 1 0 0 0 0 0 0 0 0 0 0
124.0000876 0 0 0 0 0 0 0 1 0 0 0 0 0 0 0 0 0 0
125.0000875 0 0 0 0 0 0 0 1 0 0 0 0 0 0 0 0 0 0
126.0000874 0 0 0 0 0 0 0 1 0 0 0 0 0 0 0 0 0 0
127.0000873 0 0 0 0 0 0 0 1 0 0 0 0 0 0 0 0 0 0
128.0000872 0 0 0 0 0 0 0 1 0 0 0 0 0 0 0 0 0 0
129.0000871 0 0 0 0 0 0 0 1 0 0 0 0 0 0 0 0 0 0
130.000087 0 0 0 0 0 0 0 1 0 0 0 0 0 0 0 0 0 0
131.0000869 0 0 0 0 0 0 0 1 0 0 0 0 0 0 0 0 0 0
132.0000868 0 0 0 0 0 0 0 1 0 0 0 0 0 0 0 0 0 0
133.0000867 0 0 0 0 0 0 0 1 0 0 0 0 0 0 0 0 0 0
134.0000866 0 0 0 0 0 0 0 1 0 0 0 0 0 0 0 0 0 0
135.0000865 0 0 0 0 0 0 0 1 0 0 0 0 0 0 0 0 0 0
136.0000864 0 0 0 0 0 0 0 1 0 0 0 0 0 0 0 0 0 0
137.0000863 0 0 0 0 0 0 0 1 0 0 0 0 0 0 0 0 0 0
138.0000862 0 0 0 0 0 0 0 1 0 0 0 0 0 0 0 0 0 0
139.0000861 0 0 0 0 0 0 0 1 0 0 0 0 0 0 0 0 0 0
140.000086 0 0 0 0 0 0 0 1 0 0 0 0 0 0 0 0 0 0
141.0000859 0 0 0 0 0 0 0 1 0 0 0 0 0 0 0 0 0 0
142.0000858 0 0 0 0 0 0 0 1 0 0 0 0 0 0 0 0 0 0
143.0000857 0 0 0 0 0 0 0 1 0 0 0 0 0 0 0 0 0 0
144.0000856 0 0 0 0 0 0 0 1 0 0 0 0 0 0 0 0 0 0
145.0000855 0 0 0 0 0 0 0 1 0 0 0 0 0 0 0 0 0 0
146.0000854 0 0 0 0 0 0 0 1 0 0 0 0 0 0 0 0 0 0
147.0000853 0 0 0 0 0 0 0 1 0 0 0 0 0 0 0 0 0 0
148.0000852 0 0 0 0 0 0 0 1 0 0 0 0 0 0 0 0 0 0
149.0000851 0 0 0 0 0 0 0 1 0 0 0 0 0 0 0 0 0 0
150.000085 0 0 0 0 0 0 0 1 0 0 0 0 0 0 0 0 0 0
151.0000849 0 0 0 0 0 0 0 1 0 0 0 0 0 0 0 0 0 0
152.0000848 0 0 0 0 0 0 0 1 0 0 0 0 0 0 0 0 0 0
153.0000847 0 0 0 0 0 0 0 1 0 0 0 0 0 0 0 0 0 0
154.0000846 0 0 0 0 0 0 0 1 0 0 0 0 0 0 0 0 0 0
155.0000845 0 0 0 0 0 0 0 1 0 0 0 0 0 0 0 0 0 0
156.0000844 0 0 0 0 0 0 0 1 0 0 0 0 0 0 0 0 0 0
157.0000843 0 0 0 0 0 0 0 1 0 0 0 0 0 0 0 0 0 0
158.0000842 0 0 0 0 0 0 0 1 0 0 0 0 0 0 0 0 0 0
159.0000841 0 0 0 0 0 0 0 1 0 0 0 0 0 0 0 0 0 0
160.000084 0 0 0 0 0 0 0 1 0 0 0 0 0 0 0 0 0 0
161.0000839 0 0 0 0 0 0 0 1 0 0 0 0 0 0 0 0 0 0
162.0000838 0 0 0 0 0 0 0 1 0 0 0 0 0 0 0 0 0 0
163.0000837 0 0 0 0 0 0 0 1 0 0 0 0 0 0 0 0 0 0
164.0000836 0 0 0 0 0 0 0 1 0 0 0 0 0 0 0 0 0 0
165.0000835 0 0 0 0 0 0 0 1 0 0 0 0 0 0 0 0 0 0
166.0000834 0 0 0 0 0 0 0 1 0 0 0 0 0 0 0 0 0 0
167.0000833 0 0 0 0 0 0 0 1 0 0 0 0 0 0 0 0 0 0
168.0000832 0 0 0 0 0 0 0 1 0 0 0 0 0 0 0 0 0 0
169.0000831 0 0 0 0 0 0 0 1 0 0 0 0 0 0 0 0 0 0
170.000083 0 0 0 0 0 0 0 1 0 0 0 0 0 0 0 0 0 0
171.0000829 0 0 0 0 0 0 0 1 0 0 0 0 0 0 0 0 0 0
172.0000828 0 0 0 0 0 0 0 1 0 0 0 0 0 0 0 0 0 0
173.0000827 0 0 0 0 0 0 0 1 0 0 0 0 0 0 0 0 0 0
174.0000826 0 0 0 0 0 0 0 1 0 0 0 0 0 0 0 0 0 0
175.0000825 0 0 0 0 0 0 0 1 0 0 0 0 0 0 0 0 0 0
176.0000824 0 0 0 0 0 0 0 1 0 0 0 0 0 0 0 0 0 0
177.0000823 0 0 0 0 0 0 0 1 0 0 0 0 0 0 0 0 0 0
178.0000822 0 0 0 0 0 0 0 1 0 0 0 0 0 0 0 0 0 0
179.0000821 0 0 0 0 0 0 0 1 0 0 0 0 0 0 0 0 0 0
180.000082 0 0 0 0 0 0 0 1 0 0 0 0 0 0 0 0 0 0
181.0000819 0 0 0 0 0 0 0 1 0 0 0 0 0 0 0 0 0 0
182.0000818 0 0 0 0 0 0 0 1 0 0 0 0 0 0 0 0 0 0
183.0000817 0 0 0 0 0 0 0 1 0 0 0 0 0 0 0 0 0 0
184.0000816 0 0 0 0 0 0 0 1 0 0 0 0 0 0 0 0 0 0
185.0000815 0 0 0 0 0 0 0 1 0 0 0 0 0 0 0 0 0 0
186.0000814 0 0 0 0 0 0 0 1 0 0 0 0 0 0 0 0 0 0
187.0000813 0 0 0 0 0 0 0 1 0 0 0 0 0 0 0 0 0 0
188.0000812 0 0 0 0 0 0 0 1 0 0 0 0 0 0 0 0 0 0
189.0000811 0 0 0 0 0 0 0 1 0 0 0 0 0 0 0 0 0 0
190.000081 0 0 0 0 0 0 0 1 0 0 0 0 0 0 0 0 0 0
191.0000809 0 0 0 0 0 0 0 1 0 0 0 0 0 0 0 0 0 0
192.0000808 0 0 0 0 0 0 0 1 0 0 0 0 0 0 0 0 0 0
193.0000807 0 0 0 0 0 0 0 1 0 0 0 0 0 0 0 0 0 0
194.0000806 0 0 0 0 0 0 0 1 0 0 0 0 0 0 0 0 0 0
195.0000805 0 0 0 0 0 0 0 1 0 0 0 0 0 0 0 0 0 0
196.0000804 0 0 0 0 0 0 0 1 0 0 0 0 0 0 0 0 0 0
197.0000803 0 0 0 0 0 0 0 1 0 0 0 0 0 0 0 0 0 0
198.0000802 0 0 0 0 0 0 0 1 0 0 0 0 0 0 0 0 0 0
199.0000801 0 0 0 0 0 0 0 1 0 0 0 0 0 0 0 0 0 0
200.00008 0 0 0 0 0 0 0 1 0 0 0 0 0 0 0 0 0 0
201.0000799 0 0 0 0 0 0 0 1 0 0 0 0 0 0 0 0 0 0
202.0000798 0 0 0 0 0 0 0 1 0 0 0 0 0 0 0 0 0 0
203.0000797 0 0 0 0 0 0 0 1 0 0 0 0 0 0 0 0 0 0
204.0000796 0 0 0 0 0 0 0 1 0 0 0 0 0 0 0 0 0 0
205.0000795 0 0 0 0 0 0 0 1 0 0 0 0 0 0 0 0 0 0
206.0000794 0 0 0 0 0 0 0 1 0 0 0 0 0 0 0 0 0 0
207.0000793 0 0 0 0 0 0 0 1 0 0 0 0 0 0 0 0 0 0
208.0000792 0 0 0 0 0 0 0 1 0 0 0 0 0 0 0 0 0 0
209.0000791 0 0 0 0 0 0 0 1 0 0 0 0 0 0 0 0 0 0
210.000079 0 0 0 0 0 0 0 1 0 0 0 0 0 0 0 0 0 0
211.0000789 0 0 0 0 0 0 0 1 0 0 0 0 0 0 0 0 0 0
212.0000788 0 0 0 0 0 0 0 1 0 0 0 0 0 0 0 0 0 0
213.0000787 0 0 0 0 0 0 0 1 0 0 0 0 0 0 0 0 0 0
214.0000786 0 0 0 0 0 0 0 1 0 0 0 0 0 0 0 0 0 0
215.0000785 0 0 0 0 0 0 0 1 0 0 0 0 0 0 0 0 0 0
216.0000784 0 0 0 0 0 0 0 1 0 0 0 0 0 0 0 0 0 0
217.0000783 0 0 0 0 0 0 0 1 0 0 0 0 0 0 0 0 0 0
218.0000782 0 0 0 0 0 0 0 1 0 0 0 0 0 0 0 0 0 0
219.0000781 0 0 0 0 0 0 0 1 0 0 0 0 0 0 0 0 0 0
220.000078 0 0 0 0 0 0 0 1 0 0 0 0 0 0 0 0 0 0
221.0000779 0 0 0 0 0 0 0 1 0 0 0 0 0 0 0 0 0 0
222.0000778 0 0 0 0 0 0 0 1 0 0 0 0 0 0 0 0 0 0
223.0000777 0 0 0 0 0 0 0 1 0 0 0 0 0 0 0 0 0 0
224.0000776 0 0 0 0 0 0 0 1 0 0 0 0 0 0 0 0 0 0
225.0000775 0 0 0 0 0 0 0 1 0 0 0 0 0 0 0 0 0 0
226.0000774 0 0 0 0 0 0 0 1 0 0 0 0 0 0 0 0 0 0
227.0000773 0 0 0 0 0 0 0 1 0 0 0 0 0 0 0 0 0 0
228.0000772 0 0 0 0 0 0 0 1 0 0 0 0 0 0 0 0 0 0
229.0000771 0 0 0 0 0 0 0 1 0 0 0 0 0 0 0 0 0 0
230.000077 0 0 0 0 0 0 0 1 0 0 0 0 0 0 0 0 0 0
231.0000769 0 0 0 0 0 0 0 1 0 0 0 0 0 0 0 0 0 0
232.0000768 0 0 0 0 0 0 0 1 0 0 0 0 0 0 0 0 0 0
233.0000767 0 0 0 0 0 0 0 1 0 0 0 0 0 0 0 0 0 0
234.0000766 0 0 0 0 0 0 0 1 0 0 0 0 0 0 0 0 0 0
235.0000765 0 0 0 0 0 0 0 1 0 0 0 0 0 0 0 0 0 0
236.0000764 0 0 0 0 0 0 0 1 0 0 0 0 0 0 0 0 0 0
237.0000763 0 0 0 0 0 0 0 1 0 0 0 0 0 0 0 0 0 0
238.0000762 0 0 0 0 0 0 0 1 0 0 0 0 0 0 0 0 0 0
239.0000761 0 0 0 0 0 0 0 1 0 0 0 0 0 0 0 0 0 0
240.000076 0 0 0 0 0 0 0 1 0 0 0 0 0 0 0 0 0 0
241.0000759 0 0 0 0 0 0 0 1 0 0 0 0 0 0 0 0 0 0
242.0000758 0 0 0 0 0 0 0 1 0 0 0 0 0 0 0 0 0 0
243.0000757 0 0 0 0 0 0 0 1 0 0 0 0 0 0 0 0 0 0
244.0000756 0 0 0 0 0 0 0 1 0 0 0 0 0 0 0 0 0 0
245.0000755 0 0 0 0 0 0 0 1 0 0 0 0 0 0 0 0 0 0
246.0000754 0 0 0 0 0 0 0 1 0 0 0 0 0 0 0 0 0 0
247.0000753 0 0 0 0 0 0 0 1 0 0 0 0 0 0 0 0 0 0
248.0000752 0 0 0 0 0 0 0 1 0 0 0 0 0 0 0 0 0 0
249.0000751 0 0 0 0 0 0 0 1 0 0 0 0 0 0 0 0 0 0
250.000075 0 0 0 0 0 0 0 1 0 0 0 0 0 0 0 0 0 0
251.0000749 0 0 0 0 0 0 0 1 0 0 0 0 0 0 0 0 0 0
252.0000748 0 0 0 0 0 0 0 1 0 0 0 0 0 0 0 0 0 0
253.0000747 0 0 0 0 0 0 0 1 0 0 0 0 0 0 0 0 0 0
254.0000746 0 0 0 0 0 0 0 1 0 0 0 0 0 0 0 0 0 0
255.0000745 0 0 0 0 0 0 0 1 0 0 0 0 0 0 0 0 0 0
256.0000744 0 0 0 0 0 0 0 1 0 0 0 0 0 0 0 0 0 0
257.0000743 0 0 0 0 0 0 0 1 0 0 0 0 0 0 0 0 0 0
258.0000742 0 0 0 0 0 0 0 1 0 0 0 0 0 0 0 0 0 0
259.0000741 0 0 0 0 0 0 0 1 0 0 0 0 0 0 0 0 0 0
260.000074 0 0 0 0 0 0 0 1 0 0 0 0 0 0 0 0 0 0
261.0000739 0 0 0 0 0 0 0 1 0 0 0 0 0 0 0 0 0 0
262.0000738 0 0 0 0 0 0 0 1 0 0 0 0 0 0 0 0 0 0
263.0000737 0 0 0 0 0 0 0 1 0 0 0 0 0 0 0 0 0 0
264.0000736 0 0 0 0 0 0 0 1 0 0 0 0 0 0 0 0 0 0
265.0000735 0 0 0 0 0 0 0 1 0 0 0 0 0 0 0 0 0 0
266.0000734 0 0 0 0 0 0 0 1 0 0 0 0 0 0 0 0 0 0
267.0000733 0 0 0 0 0 0 0 1 0 0 0 0 0 0 0 0 0 0
268.0000732 0 0 0 0 0 0 0 1 0 0 0 0 0 0 0 0 0 0
269.0000731 0 0 0 0 0 0 0 1 0 0 0 0 0 0 0 0 0 0
270.000073 0 0 0 0 0 0 0 1 0 0 0 0 0 0 0 0 0 0
271.0000729 0 0 0 0 0 0 0 1 0 0 0 0 0 0 0 0 0 0
272.0000728 0 0 0 0 0 0 0 1 0 0 0 0 0 0 0 0 0 0
273.0000727 0 0 0 0 0 0 0 1 0 0 0 0 0 0 0 0 0 0
274.0000726 0 0 0 0 0 0 0 1 0 0 0 0 0 0 0 0 0 0
275.0000725 0 0 0 0 0 0 0 1 0 0 0 0 0 0 0 0 0 0
276.0000724 0 0 0 0 0 0 0 1 0 0 0 0 0 0 0 0 0 0
277.0000723 0 0 0 0 0 0 0 1 0 0 0 0 0 0 0 0 0 0
278.0000722 0 0 0 0 0 0 0 1 0 0 0 0 0 0 0 0 0 0
279.0000721 0 0 0 0 0 0 0 1 0 0 0 0 0 0 0 0 0 0
280.000072 0 0 0 0 0 0 0 1 0 0 0 0 0 0 0 0 0 0
281.0000719 0 0 0 0 0 0 0 1 0 0 0 0 0 0 0 0 0 0
282.0000718 0 0 0 0 0 0 0 1 0 0 0 0 0 0 0 0 0 0
283.0000717 0 0 0 0 0 0 0 1 0 0 0 0 0 0 0 0 0 0
284.0000716 0 0 0 0 0 0 0 1 0 0 0 0 0 0 0 0 0 0
285.0000715 0 0 0 0 0 0 0 1 0 0 0 0 0 0 0 0 0 0
286.0000714 0 0 0 0 0 0 0 1 0 0 0 0 0 0 0 0 0 0
287.0000713 0 0 0 0 0 0 0 1 0 0 0 0 0 0 0 0 0 0
288.0000712 0 0 0 0 0 0 0 1 0 0 0 0 0 0 0 0 0 0
289.0000711 0 0 0 0 0 0 0 1 0 0 0 0 0 0 0 0 0 0
290.000071 0 0 0 0 0 0 0 1 0 0 0 0 0 0 0 0 0 0
291.0000709 0 0 0 0 0 0 0 1 0 0 0 0 0 0 0 0 0 0
292.0000708 0 0 0 0 0 0 0 1 0 0 0 0 0 0 0 0 0 0
293.0000707 0 0 0 0 0 0 0 1 0 0 0 0 0 0 0 0 0 0
294.0000706 0 0 0 0 0 0 0 1 0 0 0 0 0 0 0 0 0 0
295.0000705 0 0 0 0 0 0 0 1 0 0 0 0 0 0 0 0 0 0
296.0000704 0 0 0 0 0 0 0 1 0 0 0 0 0 0 0 0 0 0
297.0000703 0 0 0 0 0 0 0 1 0 0 0 0 0 0 0 0 0 0
298.0000702 0 0 0 0 0 0 0 1 0 0 0 0 0 0 0 0 0 0
299.0000701 0 0 0 0 0 0 0 1 0 0 0 0 0 0 0 0 0 0
300.00007 0 0 0 0 0 0 0 1 0 0 0 0 0 0 0 0 0 0
301.0000699 0 0 0 0 0 0 0 1 0 0 0 0 0 0 0 0 0 0
302.0000698 0 0 0 0 0 0 0 1 0 0 0 0 0 0 0 0 0 0
303.0000697 0 0 0 0 0 0 0 1 0 0 0 0 0 0 0 0 0 0
304.0000696 0 0 0 0 0 0 0 1 0 0 0 0 0 0 0 0 0 0
305.0000695 0 0 0 0 0 0 0 1 0 0 0 0 0 0 0 0 0 0
306.0000694 0 0 0 0 0 0 0 1 0 0 0 0 0 0 0 0 0 0
307.0000693 0 0 0 0 0 0 0 1 0 0 0 0 0 0 0 0 0 0
308.0000692 0 0 0 0 0 0 0 1 0 0 0 0 0 0 0 0 0 0
309.0000691 0 0 0 0 0 0 0 1 0 0 0 0 0 0 0 0 0 0
310.000069 0 0 0 0 0 0 0 1 0 0 0 0 0 0 0 0 0 0
311.0000689 0 0 0 0 0 0 0 1 0 0 0 0 0 0 0 0 0 0
312.0000688 0 0 0 0 0 0 0 1 0 0 0 0 0 0 0 0 0 0
313.0000687 0 0 0 0 0 0 0 1 0 0 0 0 0 0 0 0 0 0
314.0000686 0 0 0 0 0 0 0 1 0 0 0 0 0 0 0 0 0 0
315.0000685 0 0 0 0 0 0 0 1 0 0 0 0 0 0 0 0 0 0
316.0000684 0 0 0 0 0 0 0 1 0 0 0 0 0 0 0 0 0 0
317.0000683 0 0 0 0 0 0 0 1 0 0 0 0 0 0 0 0 0 0
318.0000682 0 0 0 0 0 0 0 1 0 0 0 0 0 0 0 0 0 0
319.0000681 0 0 0 0 0 0 0 1 0 0 0 0 0 0 0 0 0 0
320.000068 0 0 0 0 0 0 0 1 0 0 0 0 0 0 0 0 0 0
321.0000679 0 0 0 0 0 0 0 1 0 0 0 0 0 0 0 0 0 0
322.0000678 0 0 0 0 0 0 0 1 0 0 0 0 0 0 0 0 0 0
323.0000677 0 0 0 0 0 0 0 1 0 0 0 0 0 0 0 0 0 0
324.0000676 0 0 0 0 0 0 0 1 0 0 0 0 0 0 0 0 0 0
325.0000675 0 0 0 0 0 0 0 1 0 0 0 0 0 0 0 0 0 0
326.0000674 0 0 0 0 0 0 0 1 0 0 0 0 0 0 0 0 0 0
327.0000673 0 0 0 0 0 0 0 1 0 0 0 0 0 0 0 0 0 0
328.0000672 0 0 0 0 0 0 0 1 0 0 0 0 0 0 0 0 0 0
329.0000671 0 0 0 0 0 0 0 1 0 0 0 0 0 0 0 0 0 0
330.000067 0 0 0 0 0 0 0 1 0 0 0 0 0 0 0 0 0 0
331.0000669 0 0 0 0 0 0 0 1 0 0 0 0 0 0 0 0 0 0
332.0000668 0 0 0 0 0 0 0 1 0 0 0 0 0 0 0 0 0 0
333.0000667 0 0 0 0 0 0 0 1 0 0 0 0 0 0 0 0 0 0
334.0000666 0 0 0 0 0 0 0 1 0 0 0 0 0 0 0 0 0 0
335.0000665 0 0 0 0 0 0 0 1 0 0 0 0 0 0 0 0 0 0
336.0000664 0 0 0 0 0 0 0 1 0 0 0 0 0 0 0 0 0 0
337.0000663 0 0 0 0 0 0 0 1 0 0 0 0 0 0 0 0 0 0
338.0000662 0 0 0 0 0 0 0 1 0 0 0 0 0 0 0 0 0 0
339.0000661 0 0 0 0 0 0 0 1 0 0 0 0 0 0 0 0 0 0
340.000066 0 0 0 0 0 0 0 1 0 0 0 0 0 0 0 0 0 0
341.0000659 0 0 0 0 0 0 0 1 0 0 0 0 0 0 0 0 0 0
342.0000658 0 0 0 0 0 0 0 1 0 0 0 0 0 0 0 0 0 0
343.0000657 0 0 0 0 0 0 0 1 0 0 0 0 0 0 0 0 0 0
344.0000656 0 0 0 0 0 0 0 1 0 0 0 0 0 0 0 0 0 0
345.0000655 0 0 0 0 0 0 0 1 0 0 0 0 0 0 0 0 0 0
346.0000654 0 0 0 0 0 0 0 1 0 0 0 0 0 0 0 0 0 0
347.0000653 0 0 0 0 0 0 0 1 0 0 0 0 0 0 0 0 0 0
348.0000652 0 0 0 0 0 0 0 1 0 0 0 0 0 0 0 0 0 0
349.0000651 0 0 0 0 0 0 0 1 0 0 0 0 0 0 0 0 0 0
350.000065 0 0 0 0 0 0 0 1 0 0 0 0 0 0 0 0 0 0
351.0000649 0 0 0 0 0 0 0 1 0 0 0 0 0 0 0 0 0 0
352.0000648 0 0 0 0 0 0 0 1 0 0 0 0 0 0 0 0 0 0
353.0000647 0 0 0 0 0 0 0 1 0 0 0 0 0 0 0 0 0 0
354.0000646 0 0 0 0 0 0 0 1 0 0 0 0 0 0 0 0 0 0
355.0000645 0 0 0 0 0 0 0 1 0 0 0 0 0 0 0 0 0 0
356.0000644 0 0 0 0 0 0 0 1 0 0 0 0 0 0 0 0 0 0
357.0000643 0 0 0 0 0 0 0 1 0 0 0 0 0 0 0 0 0 0
358.0000642 0 0 0 0 0 0 0 1 0 0 0 0 0 0 0 0 0 0
359.0000641 0 0 0 0 0 0 0 1 0 0 0 0 0 0 0 0 0 0
360.000064 0 0 0 0 0 0 0 1 0 0 0 0 0 0 0 0 0 0
361.0000639 0 0 0 0 0 0 0 1 0 0 0 0 0 0 0 0 0 0
362.0000638 0 0 0 0 0 0 0 1 0 0 0 0 0 0 0 0 0 0
363.0000637 0 0 0 0 0 0 0 1 0 0 0 0 0 0 0 0 0 0
364.0000636 0 0 0 0 0 0 0 1 0 0 0 0 0 0 0 0 0 0
365.0000635 0 0 0 0 0 0 0 1 0 0 0 0 0 0 0 0 0 0
366.0000634 0 0 0 0 0 0 0 1 0 0 0 0 0 0 0 0 0 0
367.0000633 0 0 0 0 0 0 0 1 0 0 0 0 0 0 0 0 0 0
368.0000632 0 0 0 0 0 0 0 1 0 0 0 0 0 0 0 0 0 0
369.0000631 0 0 0 0 0 0 0 1 0 0 0 0 0 0 0 0 0 0
370.000063 0 0 0 0 0 0 0 1 0 0 0 0 0 0 0 0 0 0
371.0000629 0 0 0 0 0 0 0 1 0 0 0 0 0 0 0 0 0 0
372.0000628 0 0 0 0 0 0 0 1 0 0 0 0 0 0 0 0 0 0
373.0000627 0 0 0 0 0 0 0 1 0 0 0 0 0 0 0 0 0 0
374.0000626 0 0 0 0 0 0 0 1 0 0 0 0 0 0 0 0 0 0
375.0000625 0 0 0 0 0 0 0 1 0 0 0 0 0 0 0 0 0 0
376.0000624 0 0 0 0 0 0 0 1 0 0 0 0 0 0 0 0 0 0
377.0000623 0 0 0 0 0 0 0 1 0 0 0 0 0 0 0 0 0 0
378.0000622 0 0 0 0 0 0 0 1 0 0 0 0 0 0 0 0 0 0
379.0000621 0 0 0 0 0 0 0 1 0 0 0 0 0 0 0 0 0 0
380.000062 0 0 0 0 0 0 0 1 0 0 0 0 0 0 0 0 0 0
381.0000619 0 0 0 0 0 0 0 1 0 0 0 0 0 0 0 0 0 0
382.0000618 0 0 0 0 0 0 0 1 0 0 0 0 0 0 0 0 0 0
383.0000617 0 0 0 0 0 0 0 1 0 0 0 0 0 0 0 0 0 0
384.0000616 0 0 0 0 0 0 0 1 0 0 0 0 0 0 0 0 0 0
385.0000615 0 0 0 0 0 0 0 1 0 0 0 0 0 0 0 0 0 0
386.0000614 0 0 0 0 0 0 0 1 0 0 0 0 0 0 0 0 0 0
387.0000613 0 0 0 0 0 0 0 1 0 0 0 0 0 0 0 0 0 0
388.0000612 0 0 0 0 0 0 0 1 0 0 0 0 0 0 0 0 0 0
389.0000611 0 0 0 0 0 0 0 1 0 0 0 0 0 0 0 0 0 0
390.000061 0 0 0 0 0 0 0 1 0 0 0 0 0 0 0 0 0 0
391.0000609 0 0 0 0 0 0 0 1 0 0 0 0 0 0 0 0 0 0
392.0000608 0 0 0 0 0 0 0 1 0 0 0 0 0 0 0 0 0 0
393.0000607 0 0 0 0 0 0 0 1 0 0 0 0 0 0 0 0 0 0
394.0000606 0 0 0 0 0 0 0 1 0 0 0 0 0 0 0 0 0 0
395.0000605 0 0 0 0 0 0 0 1 0 0 0 0 0 0 0 0 0 0
396.0000604 0 0 0 0 0 0 0 1 0 0 0 0 0 0 0 0 0 0
397.0000603 0 0 0 0 0 0 0 1 0 0 0 0 0 0 0 0 0 0
398.0000602 0 0 0 0 0 0 0 1 0 0 0 0 0 0 0 0 0 0
399.0000601 0 0 0 0 0 0 0 1 0 0 0 0 0 0 0 0 0 0
400.00006 0 0 0 0 0 0 0 1 0 0 0 0 0 0 0 0 0 0
401.0000599 0 0 0 0 0 0 0 1 0 0 0 0 0 0 0 0 0 0
402.0000598 0 0 0 0 0 0 0 1 0 0 0 0 0 0 0 0 0 0
403.0000597 0 0 0 0 0 0 0 1 0 0 0 0 0 0 0 0 0 0
404.0000596 0 0 0 0 0 0 0 1 0 0 0 0 0 0 0 0 0 0
405.0000595 0 0 0 0 0 0 0 1 0 0 0 0 0 0 0 0 0 0
406.0000594 0 0 0 0 0 0 0 1 0 0 0 0 0 0 0 0 0 0
407.0000593 0 0 0 0 0 0 0 1 0 0 0 0 0 0 0 0 0 0
408.0000592 0 0 0 0 0 0 0 1 0 0 0 0 0 0 0 0 0 0
409.0000591 0 0 0 0 0 0 0 1 0 0 0 0 0 0 0 0 0 0
410.000059 0 0 0 0 0 0 0 1 0 0 0 0 0 0 0 0 0 0
411.0000589 0 0 0 0 0 0 0 1 0 0 0 0 0 0 0 0 0 0
412.0000588 0 0 0 0 0 0 0 1 0 0 0 0 0 0 0 0 0 0
413.0000587 0 0 0 0 0 0 0 1 0 0 0 0 0 0 0 0 0 0
414.0000586 0 0 0 0 0 0 0 1 0 0 0 0 0 0 0 0 0 0
415.0000585 0 0 0 0 0 0 0 1 0 0 0 0 0 0 0 0 0 0
416.0000584 0 0 0 0 0 0 0 1 0 0 0 0 0 0 0 0 0 0
417.0000583 0 0 0 0 0 0 0 1 0 0 0 0 0 0 0 0 0 0
418.0000582 0 0 0 0 0 0 0 1 0 0 0 0 0 0 0 0 0 0
419.0000581 0 0 0 0 0 0 0 1 0 0 0 0 0 0 0 0 0 0
420.000058 0 0 0 0 0 0 0 1 0 0 0 0 0 0 0 0 0 0
421.0000579 0 0 0 0 0 0 0 1 0 0 0 0 0 0 0 0 0 0
422.0000578 0 0 0 0 0 0 0 1 0 0 0 0 0 0 0 0 0 0
423.0000577 0 0 0 0 0 0 0 1 0 0 0 0 0 0 0 0 0 0
424.0000576 0 0 0 0 0 0 0 1 0 0 0 0 0 0 0 0 0 0
425.0000575 0 0 0 0 0 0 0 1 0 0 0 0 0 0 0 0 0 0
426.0000574 0 0 0 0 0 0 0 1 0 0 0 0 0 0 0 0 0 0
427.0000573 0 0 0 0 0 0 0 1 0 0 0 0 0 0 0 0 0 0
428.0000572 0 0 0 0 0 0 0 1 0 0 0 0 0 0 0 0 0 0
429.0000571 0 0 0 0 0 0 0 1 0 0 0 0 0 0 0 0 0 0
430.000057 0 0 0 0 0 0 0 1 0 0 0 0 0 0 0 0 0 0
431.0000569 0 0 0 0 0 0 0 1 0 0 0 0 0 0 0 0 0 0
432.0000568 0 0 0 0 0 0 0 1 0 0 0 0 0 0 0 0 0 0
433.0000567 0 0 0 0 0 0 0 1 0 0 0 0 0 0 0 0 0 0
434.0000566 0 0 0 0 0 0 0 1 0 0 0 0 0 0 0 0 0 0
435.0000565 0 0 0 0 0 0 0 1 0 0 0 0 0 0 0 0 0 0
436.0000564 0 0 0 0 0 0 0 1 0 0 0 0 0 0 0 0 0 0
437.0000563 0 0 0 0 0 0 0 1 0 0 0 0 0 0 0 0 0 0
438.0000562 0 0 0 0 0 0 0 1 0 0 0 0 0 0 0 0 0 0
439.0000561 0 0 0 0 0 0 0 1 0 0 0 0 0 0 0 0 0 0
440.000056 0 0 0 0 0 0 0 1 0 0 0 0 0 0 0 0 0 0
441.0000559 0 0 0 0 0 0 0 1 0 0 0 0 0 0 0 0 0 0
442.0000558 0 0 0 0 0 0 0 1 0 0 0 0 0 0 0 0 0 0
443.0000557 0 0 0 0 0 0 0 1 0 0 0 0 0 0 0 0 0 0
444.0000556 0 0 0 0 0 0 0 1 0 0 0 0 0 0 0 0 0 0
445.0000555 0 0 0 0 0 0 0 1 0 0 0 0 0 0 0 0 0 0
446.0000554 0 0 0 0 0 0 0 1 0 0 0 0 0 0 0 0 0 0
447.0000553 0 0 0 0 0 0 0 1 0 0 0 0 0 0 0 0 0 0
448.0000552 0 0 0 0 0 0 0 1 0 0 0 0 0 0 0 0 0 0
449.0000551 0 0 0 0 0 0 0 1 0 0 0 0 0 0 0 0 0 0
450.000055 0 0 0 0 0 0 0 1 0 0 0 0 0 0 0 0 0 0
451.0000549 0 0 0 0 0 0 0 1 0 0 0 0 0 0 0 0 0 0
452.0000548 0 0 0 0 0 0 0 1 0 0 0 0 0 0 0 0 0 0
453.0000547 0 0 0 0 0 0 0 1 0 0 0 0 0 0 0 0 0 0
454.0000546 0 0 0 0 0 0 0 1 0 0 0 0 0 0 0 0 0 0
455.0000545 0 0 0 0 0 0 0 1 0 0 0 0 0 0 0 0 0 0
456.0000544 0 0 0 0 0 0 0 1 0 0 0 0 0 0 0 0 0 0
457.0000543 0 0 0 0 0 0 0 1 0 0 0 0 0 0 0 0 0 0
458.0000542 0 0 0 0 0 0 0 1 0 0 0 0 0 0 0 0 0 0
459.0000541 0 0 0 0 0 0 0 1 0 0 0 0 0 0 0 0 0 0
460.000054 0 0 0 0 0 0 0 1 0 0 0 0 0 0 0 0 0 0
461.0000539 0 0 0 0 0 0 0 1 0 0 0 0 0 0 0 0 0 0
462.0000538 0 0 0 0 0 0 0 1 0 0 0 0 0 0 0 0 0 0
463.0000537 0 0 0 0 0 0 0 1 0 0 0 0 0 0 0 0 0 0
464.0000536 0 0 0 0 0 0 0 1 0 0 0 0 0 0 0 0 0 0
465.0000535 0 0 0 0 0 0 0 1 0 0 0 0 0 0 0 0 0 0
466.0000534 0 0 0 0 0 0 0 1 0 0 0 0 0 0 0 0 0 0
467.0000533 0 0 0 0 0 0 0 1 0 0 0 0 0 0 0 0 0 0
468.0000532 0 0 0 0 0 0 0 1 0 0 0 0 0 0 0 0 0 0
469.0000531 0 0 0 0 0 0 0 1 0 0 0 0 0 0 0 0 0 0
470.000053 0 0 0 0 0 0 0 1 0 0 0 0 0 0 0 0 0 0
471.0000529 0 0 0 0 0 0 0 1 0 0 0 0 0 0 0 0 0 0
472.0000528 0 0 0 0 0 0 0 1 0 0 0 0 0 0 0 0 0 0
473.0000527 0 0 0 0 0 0 0 1 0 0 0 0 0 0 0 0 0 0
474.0000526 0 0 0 0 0 0 0 1 0 0 0 0 0 0 0 0 0 0
475.0000525 0 0 0 0 0 0 0 1 0 0 0 0 0 0 0 0 0 0
476.0000524 0 0 0 0 0 0 0 1 0 0 0 0 0 0 0 0 0 0
477.0000523 0 0 0 0 0 0 0 1 0 0 0 0 0 0 0 0 0 0
478.0000522 0 0 0 0 0 0 0 1 0 0 0 0 0 0 0 0 0 0
479.0000521 0 0 0 0 0 0 0 1 0 0 0 0 0 0 0 0 0 0
480.000052 0 0 0 0 0 0 0 1 0 0 0 0 0 0 0 0 0 0
481.0000519 0 0 0 0 0 0 0 1 0 0 0 0 0 0 0 0 0 0
482.0000518 0 0 0 0 0 0 0 1 0 0 0 0 0 0 0 0 0 0
483.0000517 0 0 0 0 0 0 0 1 0 0 0 0 0 0 0 0 0 0
484.0000516 0 0 0 0 0 0 0 1 0 0 0 0 0 0 0 0 0 0
485.0000515 0 0 0 0 0 0 0 1 0 0 0 0 0 0 0 0 0 0
486.0000514 0 0 0 0 0 0 0 1 0 0 0 0 0 0 0 0 0 0
487.0000513 0 0 0 0 0 0 0 1 0 0 0 0 0 0 0 0 0 0
488.0000512 0 0 0 0 0 0 0 1 0 0 0 0 0 0 0 0 0 0
489.0000511 0 0 0 0 0 0 0 1 0 0 0 0 0 0 0 0 0 0
490.000051 0 0 0 0 0 0 0 1 0 0 0 0 0 0 0 0 0 0
491.0000509 0 0 0 0 0 0 0 1 0 0 0 0 0 0 0 0 0 0
492.0000508 0 0 0 0 0 0 0 1 0 0 0 0 0 0 0 0 0 0
493.0000507 0 0 0 0 0 0 0 1 0 0 0 0 0 0 0 0 0 0
494.0000506 0 0 0 0 0 0 0 1 0 0 0 0 0 0 0 0 0 0
495.0000505 0 0 0 0 0 0 0 1 0 0 0 0 0 0 0 0 0 0
496.0000504 0 0 0 0 0 0 0 1 0 0 0 0 0 0 0 0 0 0
497.0000503 0 0 0 0 0 0 0 1 0 0 0 0 0 0 0 0 0 0
498.0000502 0 0 0 0 0 0 0 1 0 0 0 0 0 0 0 0 0 0
499.0000501 0 0 0 0 0 0 0 1 0 0 0 0 0 0 0 0 0 0
500.00005 0 0 0 0 0 0 0 1 0 0 0 0 0 0 0 0 0 0
501.0000499 0 0 0 0 0 0 0 1 0 0 0 0 0 0 0 0 0 0
502.0000498 0 0 0 0 0 0 0 1 0 0 0 0 0 0 0 0 0 0
503.0000497 0 0 0 0 0 0 0 1 0 0 0 0 0 0 0 0 0 0
504.0000496 0 0 0 0 0 0 0 1 0 0 0 0 0 0 0 0 0 0
505.0000495 0 0 0 0 0 0 0 1 0 0 0 0 0 0 0 0 0 0
506.0000494 0 0 0 0 0 0 0 1 0 0 0 0 0 0 0 0 0 0
507.0000493 0 0 0 0 0 0 0 1 0 0 0 0 0 0 0 0 0 0
508.0000492 0 0 0 0 0 0 0 1 0 0 0 0 0 0 0 0 0 0
509.0000491 0 0 0 0 0 0 0 1 0 0 0 0 0 0 0 0 0 0
510.000049 0 0 0 0 0 0 0 1 0 0 0 0 0 0 0 0 0 0
511.0000489 0 0 0 0 0 0 0 1 0 0 0 0 0 0 0 0 0 0
512.0000488 0 0 0 0 0 0 0 1 0 0 0 0 0 0 0 0 0 0
513.0000487 0 0 0 0 0 0 0 1 0 0 0 0 0 0 0 0 0 0
514.0000486 0 0 0 0 0 0 0 1 0 0 0 0 0 0 0 0 0 0
515.0000485 0 0 0 0 0 0 0 1 0 0 0 0 0 0 0 0 0 0
516.0000484 0 0 0 0 0 0 0 1 0 0 0 0 0 0 0 0 0 0
517.0000483 0 0 0 0 0 0 0 1 0 0 0 0 0 0 0 0 0 0
518.0000482 0 0 0 0 0 0 0 1 0 0 0 0 0 0 0 0 0 0
519.0000481 0 0 0 0 0 0 0 1 0 0 0 0 0 0 0 0 0 0
520.000048 0 0 0 0 0 0 0 1 0 0 0 0 0 0 0 0 0 0
521.0000479 0 0 0 0 0 0 0 1 0 0 0 0 0 0 0 0 0 0
522.0000478 0 0 0 0 0 0 0 1 0 0 0 0 0 0 0 0 0 0
523.0000477 0 0 0 0 0 0 0 1 0 0 0 0 0 0 0 0 0 0
524.0000476 0 0 0 0 0 0 0 1 0 0 0 0 0 0 0 0 0 0
525.0000475 0 0 0 0 0 0 0 1 0 0 0 0 0 0 0 0 0 0
526.0000474 0 0 0 0 0 0 0 1 0 0 0 0 0 0 0 0 0 0
527.0000473 0 0 0 0 0 0 0 1 0 0 0 0 0 0 0 0 0 0
528.0000472 0 0 0 0 0 0 0 1 0 0 0 0 0 0 0 0 0 0
529.0000471 0 0 0 0 0 0 0 1 0 0 0 0 0 0 0 0 0 0
530.000047 0 0 0 0 0 0 0 1 0 0 0 0 0 0 0 0 0 0
531.0000469 0 0 0 0 0 0 0 1 0 0 0 0 0 0 0 0 0 0
532.0000468 0 0 0 0 0 0 0 1 0 0 0 0 0 0 0 0 0 0
533.0000467 0 0 0 0 0 0 0 1 0 0 0 0 0 0 0 0 0 0
534.0000466 0 0 0 0 0 0 0 1 0 0 0 0 0 0 0 0 0 0
535.0000465 0 0 0 0 0 0 0 1 0 0 0 0 0 0 0 0 0 0
536.0000464 0 0 0 0 0 0 0 1 0 0 0 0 0 0 0 0 0 0
537.0000463 0 0 0 0 0 0 0 1 0 0 0 0 0 0 0 0 0 0
538.0000462 0 0 0 0 0 0 0 1 0 0 0 0 0 0 0 0 0 0
539.0000461 0 0 0 0 0 0 0 1 0 0 0 0 0 0 0 0 0 0
540.000046 0 0 0 0 0 0 0 1 0 0 0 0 0 0 0 0 0 0
541.0000459 0 0 0 0 0 0 0 1 0 0 0 0 0 0 0 0 0 0
542.0000458 0 0 0 0 0 0 0 1 0 0 0 0 0 0 0 0 0 0
543.0000457 0 0 0 0 0 0 0 1 0 0 0 0 0 0 0 0 0 0
544.0000456 0 0 0 0 0 0 0 1 0 0 0 0 0 0 0 0 0 0
545.0000455 0 0 0 0 0 0 0 1 0 0 0 0 0 0 0 0 0 0
546.0000454 0 0 0 0 0 0 0 1 0 0 0 0 0 0 0 0 0 0
547.0000453 0 0 0 0 0 0 0 1 0 0 0 0 0 0 0 0 0 0
548.0000452 0 0 0 0 0 0 0 1 0 0 0 0 0 0 0 0 0 0
549.0000451 0 0 0 0 0 0 0 1 0 0 0 0 0 0 0 0 0 0
550.000045 0 0 0 0 0 0 0 1 0 0 0 0 0 0 0 0 0 0
551.0000449 0 0 0 0 0 0 0 1 0 0 0 0 0 0 0 0 0 0
552.0000448 0 0 0 0 0 0 0 1 0 0 0 0 0 0 0 0 0 0
553.0000447 0 0 0 0 0 0 0 1 0 0 0 0 0 0 0 0 0 0
554.0000446 0 0 0 0 0 0 0 1 0 0 0 0 0 0 0 0 0 0
555.0000445 0 0 0 0 0 0 0 1 0 0 0 0 0 0 0 0 0 0
556.0000444 0 0 0 0 0 0 0 1 0 0 0 0 0 0 0 0 0 0
557.0000443 0 0 0 0 0 0 0 1 0 0 0 0 0 0 0 0 0 0
558.0000442 0 0 0 0 0 0 0 1 0 0 0 0 0 0 0 0 0 0
559.0000441 0 0 0 0 0 0 0 1 0 0 0 0 0 0 0 0 0 0
560.000044 0 0 0 0 0 0 0 1 0 0 0 0 0 0 0 0 0 0
561.0000439 0 0 0 0 0 0 0 1 0 0 0 0 0 0 0 0 0 0
562.0000438 0 0 0 0 0 0 0 1 0 0 0 0 0 0 0 0 0 0
563.0000437 0 0 0 0 0 0 0 1 0 0 0 0 0 0 0 0 0 0
564.0000436 0 0 0 0 0 0 0 1 0 0 0 0 0 0 0 0 0 0
565.0000435 0 0 0 0 0 0 0 1 0 0 0 0 0 0 0 0 0 0
566.0000434 0 0 0 0 0 0 0 1 0 0 0 0 0 0 0 0 0 0
567.0000433 0 0 0 0 0 0 0 1 0 0 0 0 0 0 0 0 0 0
568.0000432 0 0 0 0 0 0 0 1 0 0 0 0 0 0 0 0 0 0
569.0000431 0 0 0 0 0 0 0 1 0 0 0 0 0 0 0 0 0 0
570.000043 0 0 0 0 0 0 0 1 0 0 0 0 0 0 0 0 0 0
571.0000429 0 0 0 0 0 0 0 1 0 0 0 0 0 0 0 0 0 0
572.0000428 0 0 0 0 0 0 0 1 0 0 0 0 0 0 0 0 0 0
573.0000427 0 0 0 0 0 0 0 1 0 0 0 0 0 0 0 0 0 0
574.0000426 0 0 0 0 0 0 0 1 0 0 0 0 0 0 0 0 0 0
575.0000425 0 0 0 0 0 0 0 1 0 0 0 0 0 0 0 0 0 0
576.0000424 0 0 0 0 0 0 0 1 0 0 0 0 0 0 0 0 0 0
577.0000423 0 0 0 0 0 0 0 1 0 0 0 0 0 0 0 0 0 0
578.0000422 0 0 0 0 0 0 0 1 0 0 0 0 0 0 0 0 0 0
579.0000421 0 0 0 0 0 0 0 1 0 0 0 0 0 0 0 0 0 0
580.000042 0 0 0 0 0 0 0 1 0 0 0 0 0 0 0 0 0 0
581.0000419 0 0 0 0 0 0 0 1 0 0 0 0 0 0 0 0 0 0
582.0000418 0 0 0 0 0 0 0 1 0 0 0 0 0 0 0 0 0 0
583.0000417 0 0 0 0 0 0 0 1 0 0 0 0 0 0 0 0 0 0
584.0000416 0 0 0 0 0 0 0 1 0 0 0 0 0 0 0 0 0 0
585.0000415 0 0 0 0 0 0 0 1 0 0 0 0 0 0 0 0 0 0
586.0000414 0 0 0 0 0 0 0 1 0 0 0 0 0 0 0 0 0 0
587.0000413 0 0 0 0 0 0 0 1 0 0 0 0 0 0 0 0 0 0
588.0000412 0 0 0 0 0 0 0 1 0 0 0 0 0 0 0 0 0 0
589.0000411 0 0 0 0 0 0 0 1 0 0 0 0 0 0 0 0 0 0
590.000041 0 0 0 0 0 0 0 1 0 0 0 0 0 0 0 0 0 0
591.0000409 0 0 0 0 0 0 0 1 0 0 0 0 0 0 0 0 0 0
592.0000408 0 0 0 0 0 0 0 1 0 0 0 0 0 0 0 0 0 0
593.0000407 0 0 0 0 0 0 0 1 0 0 0 0 0 0 0 0 0 0
594.0000406 0 0 0 0 0 0 0 1 0 0 0 0 0 0 0 0 0 0
595.0000405 0 0 0 0 0 0 0 1 0 0 0 0 0 0 0 0 0 0
596.0000404 0 0 0 0 0 0 0 1 0 0 0 0 0 0 0 0 0 0
597.0000403 0 0 0 0 0 0 0 1 0 0 0 0 0 0 0 0 0 0
598.0000402 0 0 0 0 0 0 0 1 0 0 0 0 0 0 0 0 0 0
599.0000401 0 0 0 0 0 0 0 1 0 0 0 0 0 0 0 0 0 0
600.00004 0 0 0 0 0 0 0 1 0 0 0 0 0 0 0 0 0 0
601.0000399 0 0 0 0 0 0 0 1 0 0 0 0 0 0 0 0 0 0
602.0000398 0 0 0 0 0 0 0 1 0 0 0 0 0 0 0 0 0 0
603.0000397 0 0 0 0 0 0 0 1 0 0 0 0 0 0 0 0 0 0
604.0000396 0 0 0 0 0 0 0 1 0 0 0 0 0 0 0 0 0 0
605.0000395 0 0 0 0 0 0 0 1 0 0 0 0 0 0 0 0 0 0
606.0000394 0 0 0 0 0 0 0 1 0 0 0 0 0 0 0 0 0 0
607.0000393 0 0 0 0 0 0 0 1 0 0 0 0 0 0 0 0 0 0
608.0000392 0 0 0 0 0 0 0 1 0 0 0 0 0 0 0 0 0 0
609.0000391 0 0 0 0 0 0 0 1 0 0 0 0 0 0 0 0 0 0
610.000039 0 0 0 0 0 0 0 1 0 0 0 0 0 0 0 0 0 0
611.0000389 0 0 0 0 0 0 0 1 0 0 0 0 0 0 0 0 0 0
612.0000388 0 0 0 0 0 0 0 1 0 0 0 0 0 0 0 0 0 0
613.0000387 0 0 0 0 0 0 0 1 0 0 0 0 0 0 0 0 0 0
614.0000386 0 0 0 0 0 0 0 1 0 0 0 0 0 0 0 0 0 0
615.0000385 0 0 0 0 0 0 0 1 0 0 0 0 0 0 0 0 0 0
616.0000384 0 0 0 0 0 0 0 1 0 0 0 0 0 0 0 0 0 0
617.0000383 0 0 0 0 0 0 0 1 0 0 0 0 0 0 0 0 0 0
618.0000382 0 0 0 0 0 0 0 1 0 0 0 0 0 0 0 0 0 0
619.0000381 0 0 0 0 0 0 0 1 0 0 0 0 0 0 0 0 0 0
620.000038 0 0 0 0 0 0 0 1 0 0 0 0 0 0 0 0 0 0
621.0000379 0 0 0 0 0 0 0 1 0 0 0 0 0 0 0 0 0 0
622.0000378 0 0 0 0 0 0 0 1 0 0 0 0 0 0 0 0 0 0
623.0000377 0 0 0 0 0 0 0 1 0 0 0 0 0 0 0 0 0 0
624.0000376 0 0 0 0 0 0 0 1 0 0 0 0 0 0 0 0 0 0
625.0000375 0 0 0 0 0 0 0 1 0 0 0 0 0 0 0 0 0 0
626.0000374 0 0 0 0 0 0 0 1 0 0 0 0 0 0 0 0 0 0
627.0000373 0 0 0 0 0 0 0 1 0 0 0 0 0 0 0 0 0 0
628.0000372 0 0 0 0 0 0 0 1 0 0 0 0 0 0 0 0 0 0
629.0000371 0 0 0 0 0 0 0 1 0 0 0 0 0 0 0 0 0 0
630.000037 0 0 0 0 0 0 0 1 0 0 0 0 0 0 0 0 0 0
631.0000369 0 0 0 0 0 0 0 1 0 0 0 0 0 0 0 0 0 0
632.0000368 0 0 0 0 0 0 0 1 0 0 0 0 0 0 0 0 0 0
633.0000367 0 0 0 0 0 0 0 1 0 0 0 0 0 0 0 0 0 0
634.0000366 0 0 0 0 0 0 0 1 0 0 0 0 0 0 0 0 0 0
635.0000365 0 0 0 0 0 0 0 1 0 0 0 0 0 0 0 0 0 0
636.0000364 0 0 0 0 0 0 0 1 0 0 0 0 0 0 0 0 0 0
637.0000363 0 0 0 0 0 0 0 1 0 0 0 0 0 0 0 0 0 0
638.0000362 0 0 0 0 0 0 0 1 0 0 0 0 0 0 0 0 0 0
639.0000361 0 0 0 0 0 0 0 1 0 0 0 0 0 0 0 0 0 0
640.000036 0 0 0 0 0 0 0 1 0 0 0 0 0 0 0 0 0 0
641.0000359 0 0 0 0 0 0 0 1 0 0 0 0 0 0 0 0 0 0
642.0000358 0 0 0 0 0 0 0 1 0 0 0 0 0 0 0 0 0 0
643.0000357 0 0 0 0 0 0 0 1 0 0 0 0 0 0 0 0 0 0
644.0000356 0 0 0 0 0 0 0 1 0 0 0 0 0 0 0 0 0 0
645.0000355 0 0 0 0 0 0 0 1 0 0 0 0 0 0 0 0 0 0
646.0000354 0 0 0 0 0 0 0 1 0 0 0 0 0 0 0 0 0 0
647.0000353 0 0 0 0 0 0 0 1 0 0 0 0 0 0 0 0 0 0
648.0000352 0 0 0 0 0 0 0 1 0 0 0 0 0 0 0 0 0 0
649.0000351 0 0 0 0 0 0 0 1 0 0 0 0 0 0 0 0 0 0
650.000035 0 0 0 0 0 0 0 1 0 0 0 0 0 0 0 0 0 0
651.0000349 0 0 0 0 0 0 0 1 0 0 0 0 0 0 0 0 0 0
652.0000348 0 0 0 0 0 0 0 1 0 0 0 0 0 0 0 0 0 0
653.0000347 0 0 0 0 0 0 0 1 0 0 0 0 0 0 0 0 0 0
654.0000346 0 0 0 0 0 0 0 1 0 0 0 0 0 0 0 0 0 0
655.0000345 0 0 0 0 0 0 0 1 0 0 0 0 0 0 0 0 0 0
656.0000344 0 0 0 0 0 0 0 1 0 0 0 0 0 0 0 0 0 0
657.0000343 0 0 0 0 0 0 0 1 0 0 0 0 0 0 0 0 0 0
658.0000342 0 0 0 0 0 0 0 1 0 0 0 0 0 0 0 0 0 0
659.0000341 0 0 0 0 0 0 0 1 0 0 0 0 0 0 0 0 0 0
660.000034 0 0 0 0 0 0 0 1 0 0 0 0 0 0 0 0 0 0
661.0000339 0 0 0 0 0 0 0 1 0 0 0 0 0 0 0 0 0 0
662.0000338 0 0 0 0 0 0 0 1 0 0 0 0 0 0 0 0 0 0
663.0000337 0 0 0 0 0 0 0 1 0 0 0 0 0 0 0 0 0 0
664.0000336 0 0 0 0 0 0 0 1 0 0 0 0 0 0 0 0 0 0
665.0000335 0 0 0 0 0 0 0 1 0 0 0 0 0 0 0 0 0 0
666.0000334 0 0 0 0 0 0 0 1 0 0 0 0 0 0 0 0 0 0
667.0000333 0 0 0 0 0 0 0 1 0 0 0 0 0 0 0 0 0 0
668.0000332 0 0 0 0 0 0 0 1 0 0 0 0 0 0 0 0 0 0
669.0000331 0 0 0 0 0 0 0 1 0 0 0 0 0 0 0 0 0 0
670.000033 0 0 0 0 0 0 0 1 0 0 0 0 0 0 0 0 0 0
671.0000329 0 0 0 0 0 0 0 1 0 0 0 0 0 0 0 0 0 0
672.0000328 0 0 0 0 0 0 0 1 0 0 0 0 0 0 0 0 0 0
673.0000327 0 0 0 0 0 0 0 1 0 0 0 0 0 0 0 0 0 0
674.0000326 0 0 0 0 0 0 0 1 0 0 0 0 0 0 0 0 0 0
675.0000325 0 0 0 0 0 0 0 1 0 0 0 0 0 0 0 0 0 0
676.0000324 0 0 0 0 0 0 0 1 0 0 0 0 0 0 0 0 0 0
677.0000323 0 0 0 0 0 0 0 1 0 0 0 0 0 0 0 0 0 0
678.0000322 0 0 0 0 0 0 0 1 0 0 0 0 0 0 0 0 0 0
679.0000321 0 0 0 0 0 0 0 1 0 0 0 0 0 0 0 0 0 0
680.000032 0 0 0 0 0 0 0 1 0 0 0 0 0 0 0 0 0 0
681.0000319 0 0 0 0 0 0 0 1 0 0 0 0 0 0 0 0 0 0
682.0000318 0 0 0 0 0 0 0 1 0 0 0 0 0 0 0 0 0 0
683.0000317 0 0 0 0 0 0 0 1 0 0 0 0 0 0 0 0 0 0
684.0000316 0 0 0 0 0 0 0 1 0 0 0 0 0 0 0 0 0 0
685.0000315 0 0 0 0 0 0 0 1 0 0 0 0 0 0 0 0 0 0
686.0000314 0 0 0 0 0 0 0 1 0 0 0 0 0 0 0 0 0 0
687.0000313 0 0 0 0 0 0 0 1 0 0 0 0 0 0 0 0 0 0
688.0000312 0 0 0 0 0 0 0 1 0 0 0 0 0 0 0 0 0 0
689.0000311 0 0 0 0 0 0 0 1 0 0 0 0 0 0 0 0 0 0
690.000031 0 0 0 0 0 0 0 1 0 0 0 0 0 0 0 0 0 0
691.0000309 0 0 0 0 0 0 0 1 0 0 0 0 0 0 0 0 0 0
692.0000308 0 0 0 0 0 0 0 1 0 0 0 0 0 0 0 0 0 0
693.0000307 0 0 0 0 0 0 0 1 0 0 0 0 0 0 0 0 0 0
694.0000306 0 0 0 0 0 0 0 1 0 0 0 0 0 0 0 0 0 0
695.0000305 0 0 0 0 0 0 0 1 0 0 0 0 0 0 0 0 0 0
696.0000304 0 0 0 0 0 0 0 1 0 0 0 0 0 0 0 0 0 0
697.0000303 0 0 0 0 0 0 0 1 0 0 0 0 0 0 0 0 0 0
698.0000302 0 0 0 0 0 0 0 1 0 0 0 0 0 0 0 0 0 0
699.0000301 0 0 0 0 0 0 0 1 0 0 0 0 0 0 0 0 0 0
700.00003 0 0 0 0 0 0 0 1 0 0 0 0 0 0 0 0 0 0
701.0000299 0 0 0 0 0 0 0 1 0 0 0 0 0 0 0 0 0 0
702.0000298 0 0 0 0 0 0 0 1 0 0 0 0 0 0 0 0 0 0
703.0000297 0 0 0 0 0 0 0 1 0 0 0 0 0 0 0 0 0 0
704.0000296 0 0 0 0 0 0 0 1 0 0 0 0 0 0 0 0 0 0
705.0000295 0 0 0 0 0 0 0 1 0 0 0 0 0 0 0 0 0 0
706.0000294 0 0 0 0 0 0 0 1 0 0 0 0 0 0 0 0 0 0
707.0000293 0 0 0 0 0 0 0 1 0 0 0 0 0 0 0 0 0 0
708.0000292 0 0 0 0 0 0 0 1 0 0 0 0 0 0 0 0 0 0
709.0000291 0 0 0 0 0 0 0 1 0 0 0 0 0 0 0 0 0 0
710.000029 0 0 0 0 0 0 0 1 0 0 0 0 0 0 0 0 0 0
711.0000289 0 0 0 0 0 0 0 1 0 0 0 0 0 0 0 0 0 0
712.0000288 0 0 0 0 0 0 0 1 0 0 0 0 0 0 0 0 0 0
713.0000287 0 0 0 0 0 0 0 1 0 0 0 0 0 0 0 0 0 0
714.0000286 0 0 0 0 0 0 0 1 0 0 0 0 0 0 0 0 0 0
715.0000285 0 0 0 0 0 0 0 1 0 0 0 0 0 0 0 0 0 0
716.0000284 0 0 0 0 0 0 0 1 0 0 0 0 0 0 0 0 0 0
717.0000283 0 0 0 0 0 0 0 1 0 0 0 0 0 0 0 0 0 0
718.0000282 0 0 0 0 0 0 0 1 0 0 0 0 0 0 0 0 0 0
719.0000281 0 0 0 0 0 0 0 1 0 0 0 0 0 0 0 0 0 0
720.000028 0 0 0 0 0 0 0 1 0 0 0 0 0 0 0 0 0 0
721.0000279 0 0 0 0 0 0 0 1 0 0 0 0 0 0 0 0 0 0
722.0000278 0 0 0 0 0 0 0 1 0 0 0 0 0 0 0 0 0 0
723.0000277 0 0 0 0 0 0 0 1 0 0 0 0 0 0 0 0 0 0
724.0000276 0 0 0 0 0 0 0 1 0 0 0 0 0 0 0 0 0 0
725.0000275 0 0 0 0 0 0 0 1 0 0 0 0 0 0 0 0 0 0
726.0000274 0 0 0 0 0 0 0 1 0 0 0 0 0 0 0 0 0 0
727.0000273 0 0 0 0 0 0 0 1 0 0 0 0 0 0 0 0 0 0
728.0000272 0 0 0 0 0 0 0 1 0 0 0 0 0 0 0 0 0 0
729.0000271 0 0 0 0 0 0 0 1 0 0 0 0 0 0 0 0 0 0
730.000027 0 0 0 0 0 0 0 1 0 0 0 0 0 0 0 0 0 0
731.0000269 0 0 0 0 0 0 0 1 0 0 0 0 0 0 0 0 0 0
732.0000268 0 0 0 0 0 0 0 1 0 0 0 0 0 0 0 0 0 0
733.0000267 0 0 0 0 0 0 0 1 0 0 0 0 0 0 0 0 0 0
734.0000266 0 0 0 0 0 0 0 1 0 0 0 0 0 0 0 0 0 0
735.0000265 0 0 0 0 0 0 0 1 0 0 0 0 0 0 0 0 0 0
736.0000264 0 0 0 0 0 0 0 1 0 0 0 0 0 0 0 0 0 0
737.0000263 0 0 0 0 0 0 0 1 0 0 0 0 0 0 0 0 0 0
738.0000262 0 0 0 0 0 0 0 1 0 0 0 0 0 0 0 0 0 0
739.0000261 0 0 0 0 0 0 0 1 0 0 0 0 0 0 0 0 0 0
740.000026 0 0 0 0 0 0 0 1 0 0 0 0 0 0 0 0 0 0
741.0000259 0 0 0 0 0 0 0 1 0 0 0 0 0 0 0 0 0 0
742.0000258 0 0 0 0 0 0 0 1 0 0 0 0 0 0 0 0 0 0
743.0000257 0 0 0 0 0 0 0 1 0 0 0 0 0 0 0 0 0 0
744.0000256 0 0 0 0 0 0 0 1 0 0 0 0 0 0 0 0 0 0
745.0000255 0 0 0 0 0 0 0 1 0 0 0 0 0 0 0 0 0 0
746.0000254 0 0 0 0 0 0 0 1 0 0 0 0 0 0 0 0 0 0
747.0000253 0 0 0 0 0 0 0 1 0 0 0 0 0 0 0 0 0 0
748.0000252 0 0 0 0 0 0 0 1 0 0 0 0 0 0 0 0 0 0
749.0000251 0 0 0 0 0 0 0 1 0 0 0 0 0 0 0 0 0 0
750.000025 0 0 0 0 0 0 0 1 0 0 0 0 0 0 0 0 0 0
751.0000249 0 0 0 0 0 0 0 1 0 0 0 0 0 0 0 0 0 0
752.0000248 0 0 0 0 0 0 0 1 0 0 0 0 0 0 0 0 0 0
753.0000247 0 0 0 0 0 0 0 1 0 0 0 0 0 0 0 0 0 0
754.0000246 0 0 0 0 0 0 0 1 0 0 0 0 0 0 0 0 0 0
755.0000245 0 0 0 0 0 0 0 1 0 0 0 0 0 0 0 0 0 0
756.0000244 0 0 0 0 0 0 0 1 0 0 0 0 0 0 0 0 0 0
757.0000243 0 0 0 0 0 0 0 1 0 0 0 0 0 0 0 0 0 0
758.0000242 0 0 0 0 0 0 0 1 0 0 0 0 0 0 0 0 0 0
759.0000241 0 0 0 0 0 0 0 1 0 0 0 0 0 0 0 0 0 0
760.000024 0 0 0 0 0 0 0 1 0 0 0 0 0 0 0 0 0 0
761.0000239 0 0 0 0 0 0 0 1 0 0 0 0 0 0 0 0 0 0
762.0000238 0 0 0 0 0 0 0 1 0 0 0 0 0 0 0 0 0 0
763.0000237 0 0 0 0 0 0 0 1 0 0 0 0 0 0 0 0 0 0
764.0000236 0 0 0 0 0 0 0 1 0 0 0 0 0 0 0 0 0 0
765.0000235 0 0 0 0 0 0 0 1 0 0 0 0 0 0 0 0 0 0
766.0000234 0 0 0 0 0 0 0 1 0 0 0 0 0 0 0 0 0 0
767.0000233 0 0 0 0 0 0 0 1 0 0 0 0 0 0 0 0 0 0
768.0000232 0 0 0 0 0 0 0 1 0 0 0 0 0 0 0 0 0 0
769.0000231 0 0 0 0 0 0 0 1 0 0 0 0 0 0 0 0 0 0
770.000023 0 0 0 0 0 0 0 1 0 0 0 0 0 0 0 0 0 0
771.0000229 0 0 0 0 0 0 0 1 0 0 0 0 0 0 0 0 0 0
772.0000228 0 0 0 0 0 0 0 1 0 0 0 0 0 0 0 0 0 0
773.0000227 0 0 0 0 0 0 0 1 0 0 0 0 0 0 0 0 0 0
774.0000226 0 0 0 0 0 0 0 1 0 0 0 0 0 0 0 0 0 0
775.0000225 0 0 0 0 0 0 0 1 0 0 0 0 0 0 0 0 0 0
776.0000224 0 0 0 0 0 0 0 1 0 0 0 0 0 0 0 0 0 0
777.0000223 0 0 0 0 0 0 0 1 0 0 0 0 0 0 0 0 0 0
778.0000222 0 0 0 0 0 0 0 1 0 0 0 0 0 0 0 0 0 0
779.0000221 0 0 0 0 0 0 0 1 0 0 0 0 0 0 0 0 0 0
780.000022 0 0 0 0 0 0 0 1 0 0 0 0 0 0 0 0 0 0
781.0000219 0 0 0 0 0 0 0 1 0 0 0 0 0 0 0 0 0 0
782.0000218 0 0 0 0 0 0 0 1 0 0 0 0 0 0 0 0 0 0
783.0000217 0 0 0 0 0 0 0 1 0 0 0 0 0 0 0 0 0 0
784.0000216 0 0 0 0 0 0 0 1 0 0 0 0 0 0 0 0 0 0
785.0000215 0 0 0 0 0 0 0 1 0 0 0 0 0 0 0 0 0 0
786.0000214 0 0 0 0 0 0 0 1 0 0 0 0 0 0 0 0 0 0
787.0000213 0 0 0 0 0 0 0 1 0 0 0 0 0 0 0 0 0 0
788.0000212 0 0 0 0 0 0 0 1 0 0 0 0 0 0 0 0 0 0
789.0000211 0 0 0 0 0 0 0 1 0 0 0 0 0 0 0 0 0 0
790.000021 0 0 0 0 0 0 0 1 0 0 0 0 0 0 0 0 0 0
791.0000209 0 0 0 0 0 0 0 1 0 0 0 0 0 0 0 0 0 0
792.0000208 0 0 0 0 0 0 0 1 0 0 0 0 0 0 0 0 0 0
793.0000207 0 0 0 0 0 0 0 1 0 0 0 0 0 0 0 0 0 0
794.0000206 0 0 0 0 0 0 0 1 0 0 0 0 0 0 0 0 0 0
795.0000205 0 0 0 0 0 0 0 1 0 0 0 0 0 0 0 0 0 0
796.0000204 0 0 0 0 0 0 0 1 0 0 0 0 0 0 0 0 0 0
797.0000203 0 0 0 0 0 0 0 1 0 0 0 0 0 0 0 0 0 0
798.0000202 0 0 0 0 0 0 0 1 0 0 0 0 0 0 0 0 0 0
799.0000201 0 0 0 0 0 0 0 1 0 0 0 0 0 0 0 0 0 0
800.00002 0 0 0 0 0 0 0 1 0 0 0 0 0 0 0 0 0 0
801.0000199 0 0 0 0 0 0 0 1 0 0 0 0 0 0 0 0 0 0
802.0000198 0 0 0 0 0 0 0 1 0 0 0 0 0 0 0 0 0 0
803.0000197 0 0 0 0 0 0 0 1 0 0 0 0 0 0 0 0 0 0
804.0000196 0 0 0 0 0 0 0 1 0 0 0 0 0 0 0 0 0 0
805.0000195 0 0 0 0 0 0 0 1 0 0 0 0 0 0 0 0 0 0
806.0000194 0 0 0 0 0 0 0 1 0 0 0 0 0 0 0 0 0 0
807.0000193 0 0 0 0 0 0 0 1 0 0 0 0 0 0 0 0 0 0
808.0000192 0 0 0 0 0 0 0 1 0 0 0 0 0 0 0 0 0 0
809.0000191 0 0 0 0 0 0 0 1 0 0 0 0 0 0 0 0 0 0
810.000019 0 0 0 0 0 0 0 1 0 0 0 0 0 0 0 0 0 0
811.0000189 0 0 0 0 0 0 0 1 0 0 0 0 0 0 0 0 0 0
812.0000188 0 0 0 0 0 0 0 1 0 0 0 0 0 0 0 0 0 0
813.0000187 0 0 0 0 0 0 0 1 0 0 0 0 0 0 0 0 0 0
814.0000186 0 0 0 0 0 0 0 1 0 0 0 0 0 0 0 0 0 0
815.0000185 0 0 0 0 0 0 0 1 0 0 0 0 0 0 0 0 0 0
816.0000184 0 0 0 0 0 0 0 1 0 0 0 0 0 0 0 0 0 0
817.0000183 0 0 0 0 0 0 0 1 0 0 0 0 0 0 0 0 0 0
818.0000182 0 0 0 0 0 0 0 1 0 0 0 0 0 0 0 0 0 0
819.0000181 0 0 0 0 0 0 0 1 0 0 0 0 0 0 0 0 0 0
820.000018 0 0 0 0 0 0 0 1 0 0 0 0 0 0 0 0 0 0
821.0000179 0 0 0 0 0 0 0 1 0 0 0 0 0 0 0 0 0 0
822.0000178 0 0 0 0 0 0 0 1 0 0 0 0 0 0 0 0 0 0
823.0000177 0 0 0 0 0 0 0 1 0 0 0 0 0 0 0 0 0 0
824.0000176 0 0 0 0 0 0 0 1 0 0 0 0 0 0 0 0 0 0
825.0000175 0 0 0 0 0 0 0 1 0 0 0 0 0 0 0 0 0 0
826.0000174 0 0 0 0 0 0 0 1 0 0 0 0 0 0 0 0 0 0
827.0000173 0 0 0 0 0 0 0 1 0 0 0 0 0 0 0 0 0 0
828.0000172 0 0 0 0 0 0 0 1 0 0 0 0 0 0 0 0 0 0
829.0000171 0 0 0 0 0 0 0 1 0 0 0 0 0 0 0 0 0 0
830.000017 0 0 0 0 0 0 0 1 0 0 0 0 0 0 0 0 0 0
831.0000169 0 0 0 0 0 0 0 1 0 0 0 0 0 0 0 0 0 0
832.0000168 0 0 0 0 0 0 0 1 0 0 0 0 0 0 0 0 0 0
833.0000167 0 0 0 0 0 0 0 1 0 0 0 0 0 0 0 0 0 0
834.0000166 0 0 0 0 0 0 0 1 0 0 0 0 0 0 0 0 0 0
835.0000165 0 0 0 0 0 0 0 1 0 0 0 0 0 0 0 0 0 0
836.0000164 0 0 0 0 0 0 0 1 0 0 0 0 0 0 0 0 0 0
837.0000163 0 0 0 0 0 0 0 1 0 0 0 0 0 0 0 0 0 0
838.0000162 0 0 0 0 0 0 0 1 0 0 0 0 0 0 0 0 0 0
839.0000161 0 0 0 0 0 0 0 1 0 0 0 0 0 0 0 0 0 0
840.000016 0 0 0 0 0 0 0 1 0 0 0 0 0 0 0 0 0 0
841.0000159 0 0 0 0 0 0 0 1 0 0 0 0 0 0 0 0 0 0
842.0000158 0 0 0 0 0 0 0 1 0 0 0 0 0 0 0 0 0 0
843.0000157 0 0 0 0 0 0 0 1 0 0 0 0 0 0 0 0 0 0
844.0000156 0 0 0 0 0 0 0 1 0 0 0 0 0 0 0 0 0 0
845.0000155 0 0 0 0 0 0 0 1 0 0 0 0 0 0 0 0 0 0
846.0000154 0 0 0 0 0 0 0 1 0 0 0 0 0 0 0 0 0 0
847.0000153 0 0 0 0 0 0 0 1 0 0 0 0 0 0 0 0 0 0
848.0000152 0 0 0 0 0 0 0 1 0 0 0 0 0 0 0 0 0 0
849.0000151 0 0 0 0 0 0 0 1 0 0 0 0 0 0 0 0 0 0
850.000015 0 0 0 0 0 0 0 1 0 0 0 0 0 0 0 0 0 0
851.0000149 0 0 0 0 0 0 0 1 0 0 0 0 0 0 0 0 0 0
852.0000148 0 0 0 0 0 0 0 1 0 0 0 0 0 0 0 0 0 0
853.0000147 0 0 0 0 0 0 0 1 0 0 0 0 0 0 0 0 0 0
854.0000146 0 0 0 0 0 0 0 1 0 0 0 0 0 0 0 0 0 0
855.0000145 0 0 0 0 0 0 0 1 0 0 0 0 0 0 0 0 0 0
856.0000144 0 0 0 0 0 0 0 1 0 0 0 0 0 0 0 0 0 0
857.0000143 0 0 0 0 0 0 0 1 0 0 0 0 0 0 0 0 0 0
858.0000142 0 0 0 0 0 0 0 1 0 0 0 0 0 0 0 0 0 0
859.0000141 0 0 0 0 0 0 0 1 0 0 0 0 0 0 0 0 0 0
860.000014 0 0 0 0 0 0 0 1 0 0 0 0 0 0 0 0 0 0
861.0000139 0 0 0 0 0 0 0 1 0 0 0 0 0 0 0 0 0 0
862.0000138 0 0 0 0 0 0 0 1 0 0 0 0 0 0 0 0 0 0
863.0000137 0 0 0 0 0 0 0 1 0 0 0 0 0 0 0 0 0 0
864.0000136 0 0 0 0 0 0 0 1 0 0 0 0 0 0 0 0 0 0
865.0000135 0 0 0 0 0 0 0 1 0 0 0 0 0 0 0 0 0 0
866.0000134 0 0 0 0 0 0 0 1 0 0 0 0 0 0 0 0 0 0
867.0000133 0 0 0 0 0 0 0 1 0 0 0 0 0 0 0 0 0 0
868.0000132 0 0 0 0 0 0 0 1 0 0 0 0 0 0 0 0 0 0
869.0000131 0 0 0 0 0 0 0 1 0 0 0 0 0 0 0 0 0 0
870.000013 0 0 0 0 0 0 0 1 0 0 0 0 0 0 0 0 0 0
871.0000129 0 0 0 0 0 0 0 1 0 0 0 0 0 0 0 0 0 0
872.0000128 0 0 0 0 0 0 0 1 0 0 0 0 0 0 0 0 0 0
873.0000127 0 0 0 0 0 0 0 1 0 0 0 0 0 0 0 0 0 0
874.0000126 0 0 0 0 0 0 0 1 0 0 0 0 0 0 0 0 0 0
875.0000125 0 0 0 0 0 0 0 1 0 0 0 0 0 0 0 0 0 0
876.0000124 0 0 0 0 0 0 0 1 0 0 0 0 0 0 0 0 0 0
877.0000123 0 0 0 0 0 0 0 1 0 0 0 0 0 0 0 0 0 0
878.0000122 0 0 0 0 0 0 0 1 0 0 0 0 0 0 0 0 0 0
879.0000121 0 0 0 0 0 0 0 1 0 0 0 0 0 0 0 0 0 0
880.000012 0 0 0 0 0 0 0 1 0 0 0 0 0 0 0 0 0 0
881.0000119 0 0 0 0 0 0 0 1 0 0 0 0 0 0 0 0 0 0
882.0000118 0 0 0 0 0 0 0 1 0 0 0 0 0 0 0 0 0 0
883.0000117 0 0 0 0 0 0 0 1 0 0 0 0 0 0 0 0 0 0
884.0000116 0 0 0 0 0 0 0 1 0 0 0 0 0 0 0 0 0 0
885.0000115 0 0 0 0 0 0 0 1 0 0 0 0 0 0 0 0 0 0
886.0000114 0 0 0 0 0 0 0 1 0 0 0 0 0 0 0 0 0 0
887.0000113 0 0 0 0 0 0 0 1 0 0 0 0 0 0 0 0 0 0
888.0000112 0 0 0 0 0 0 0 1 0 0 0 0 0 0 0 0 0 0
889.0000111 0 0 0 0 0 0 0 1 0 0 0 0 0 0 0 0 0 0
890.000011 0 0 0 0 0 0 0 1 0 0 0 0 0 0 0 0 0 0
891.0000109 0 0 0 0 0 0 0 1 0 0 0 0 0 0 0 0 0 0
892.0000108 0 0 0 0 0 0 0 1 0 0 0 0 0 0 0 0 0 0
893.0000107 0 0 0 0 0 0 0 1 0 0 0 0 0 0 0 0 0 0
894.0000106 0 0 0 0 0 0 0 1 0 0 0 0 0 0 0 0 0 0
895.0000105 0 0 0 0 0 0 0 1 0 0 0 0 0 0 0 0 0 0
896.0000104 0 0 0 0 0 0 0 1 0 0 0 0 0 0 0 0 0 0
897.0000103 0 0 0 0 0 0 0 1 0 0 0 0 0 0 0 0 0 0
898.0000102 0 0 0 0 0 0 0 1 0 0 0 0 0 0 0 0 0 0
899.0000101 0 0 0 0 0 0 0 1 0 0 0 0 0 0 0 0 0 0
900.00001 0 0 0 0 0 0 0 1 0 0 0 0 0 0 0 0 0 0
901.0000099 0 0 0 0 0 0 0 1 0 0 0 0 0 0 0 0 0 0
902.0000098 0 0 0 0 0 0 0 1 0 0 0 0 0 0 0 0 0 0
903.0000097 0 0 0 0 0 0 0 1 0 0 0 0 0 0 0 0 0 0
904.0000096 0 0 0 0 0 0 0 1 0 0 0 0 0 0 0 0 0 0
905.0000095 0 0 0 0 0 0 0 1 0 0 0 0 0 0 0 0 0 0
906.0000094 0 0 0 0 0 0 0 1 0 0 0 0 0 0 0 0 0 0
907.0000093 0 0 0 0 0 0 0 1 0 0 0 0 0 0 0 0 0 0
908.0000092 0 0 0 0 0 0 0 1 0 0 0 0 0 0 0 0 0 0
909.0000091 0 0 0 0 0 0 0 1 0 0 0 0 0 0 0 0 0 0
910.000009 0 0 0 0 0 0 0 1 0 0 0 0 0 0 0 0 0 0
911.0000089 0 0 0 0 0 0 0 1 0 0 0 0 0 0 0 0 0 0
912.0000088 0 0 0 0 0 0 0 1 0 0 0 0 0 0 0 0 0 0
913.0000087 0 0 0 0 0 0 0 1 0 0 0 0 0 0 0 0 0 0
914.0000086 0 0 0 0 0 0 0 1 0 0 0 0 0 0 0 0 0 0
915.0000085 0 0 0 0 0 0 0 1 0 0 0 0 0 0 0 0 0 0
916.0000084 0 0 0 0 0 0 0 1 0 0 0 0 0 0 0 0 0 0
917.0000083 0 0 0 0 0 0 0 1 0 0 0 0 0 0 0 0 0 0
918.0000082 0 0 0 0 0 0 0 1 0 0 0 0 0 0 0 0 0 0
919.0000081 0 0 0 0 0 0 0 1 0 0 0 0 0 0 0 0 0 0
920.000008 0 0 0 0 0 0 0 1 0 0 0 0 0 0 0 0 0 0
921.0000079 0 0 0 0 0 0 0 1 0 0 0 0 0 0 0 0 0 0
922.0000078 0 0 0 0 0 0 0 1 0 0 0 0 0 0 0 0 0 0
923.0000077 0 0 0 0 0 0 0 1 0 0 0 0 0 0 0 0 0 0
924.0000076 0 0 0 0 0 0 0 1 0 0 0 0 0 0 0 0 0 0
925.0000075 0 0 0 0 0 0 0 1 0 0 0 0 0 0 0 0 0 0
926.0000074 0 0 0 0 0 0 0 1 0 0 0 0 0 0 0 0 0 0
927.0000073 0 0 0 0 0 0 0 1 0 0 0 0 0 0 0 0 0 0
928.0000072 0 0 0 0 0 0 0 1 0 0 0 0 0 0 0 0 0 0
929.0000071 0 0 0 0 0 0 0 1 0 0 0 0 0 0 0 0 0 0
930.000007 0 0 0 0 0 0 0 1 0 0 0 0 0 0 0 0 0 0
931.0000069 0 0 0 0 0 0 0 1 0 0 0 0 0 0 0 0 0 0
932.0000068 0 0 0 0 0 0 0 1 0 0 0 0 0 0 0 0 0 0
933.0000067 0 0 0 0 0 0 0 1 0 0 0 0 0 0 0 0 0 0
934.0000066 0 0 0 0 0 0 0 1 0 0 0 0 0 0 0 0 0 0
935.0000065 0 0 0 0 0 0 0 1 0 0 0 0 0 0 0 0 0 0
936.0000064 0 0 0 0 0 0 0 1 0 0 0 0 0 0 0 0 0 0
937.0000063 0 0 0 0 0 0 0 1 0 0 0 0 0 0 0 0 0 0
938.0000062 0 0 0 0 0 0 0 1 0 0 0 0 0 0 0 0 0 0
939.0000061 0 0 0 0 0 0 0 1 0 0 0 0 0 0 0 0 0 0
940.000006 0 0 0 0 0 0 0 1 0 0 0 0 0 0 0 0 0 0
941.0000059 0 0 0 0 0 0 0 1 0 0 0 0 0 0 0 0 0 0
942.0000058 0 0 0 0 0 0 0 1 0 0 0 0 0 0 0 0 0 0
943.0000057 0 0 0 0 0 0 0 1 0 0 0 0 0 0 0 0 0 0
944.0000056 0 0 0 0 0 0 0 1 0 0 0 0 0 0 0 0 0 0
945.0000055 0 0 0 0 0 0 0 1 0 0 0 0 0 0 0 0 0 0
946.0000054 0 0 0 0 0 0 0 1 0 0 0 0 0 0 0 0 0 0
947.0000053 0 0 0 0 0 0 0 1 0 0 0 0 0 0 0 0 0 0
948.0000052 0 0 0 0 0 0 0 1 0 0 0 0 0 0 0 0 0 0
949.0000051 0 0 0 0 0 0 0 1 0 0 0 0 0 0 0 0 0 0
950.000005 0 0 0 0 0 0 0 1 0 0 0 0 0 0 0 0 0 0
951.0000049 0 0 0 0 0 0 0 1 0 0 0 0 0 0 0 0 0 0
952.0000048 0 0 0 0 0 0 0 1 0 0 0 0 0 0 0 0 0 0
953.0000047 0 0 0 0 0 0 0 1 0 0 0 0 0 0 0 0 0 0
954.0000046 0 0 0 0 0 0 0 1 0 0 0 0 0 0 0 0 0 0
955.0000045 0 0 0 0 0 0 0 1 0 0 0 0 0 0 0 0 0 0
956.0000044 0 0 0 0 0 0 0 1 0 0 0 0 0 0 0 0 0 0
957.0000043 0 0 0 0 0 0 0 1 0 0 0 0 0 0 0 0 0 0
958.0000042 0 0 0 0 0 0 0 1 0 0 0 0 0 0 0 0 0 0
959.0000041 0 0 0 0 0 0 0 1 0 0 0 0 0 0 0 0 0 0
960.000004 0 0 0 0 0 0 0 1 0 0 0 0 0 0 0 0 0 0
961.0000039 0 0 0 0 0 0 0 1 0 0 0 0 0 0 0 0 0 0
962.0000038 0 0 0 0 0 0 0 1 0 0 0 0 0 0 0 0 0 0
963.0000037 0 0 0 0 0 0 0 1 0 0 0 0 0 0 0 0 0 0
964.0000036 0 0 0 0 0 0 0 1 0 0 0 0 0 0 0 0 0 0
965.0000035 0 0 0 0 0 0 0 1 0 0 0 0 0 0 0 0 0 0
966.0000034 0 0 0 0 0 0 0 1 0 0 0 0 0 0 0 0 0 0
967.0000033 0 0 0 0 0 0 0 1 0 0 0 0 0 0 0 0 0 0
968.0000032 0 0 0 0 0 0 0 1 0 0 0 0 0 0 0 0 0 0
969.0000031 0 0 0 0 0 0 0 1 0 0 0 0 0 0 0 0 0 0
970.000003 0 0 0 0 0 0 0 1 0 0 0 0 0 0 0 0 0 0
971.0000029 0 0 0 0 0 0 0 1 0 0 0 0 0 0 0 0 0 0
972.0000028 0 0 0 0 0 0 0 1 0 0 0 0 0 0 0 0 0 0
973.0000027 0 0 0 0 0 0 0 1 0 0 0 0 0 0 0 0 0 0
974.0000026 0 0 0 0 0 0 0 1 0 0 0 0 0 0 0 0 0 0
975.0000025 0 0 0 0 0 0 0 1 0 0 0 0 0 0 0 0 0 0
976.0000024 0 0 0 0 0 0 0 1 0 0 0 0 0 0 0 0 0 0
977.0000023 0 0 0 0 0 0 0 1 0 0 0 0 0 0 0 0 0 0
978.0000022 0 0 0 0 0 0 0 1 0 0 0 0 0 0 0 0 0 0
979.0000021 0 0 0 0 0 0 0 1 0 0 0 0 0 0 0 0 0 0
980.000002 0 0 0 0 0 0 0 1 0 0 0 0 0 0 0 0 0 0
981.0000019 0 0 0 0 0 0 0 1 0 0 0 0 0 0 0 0 0 0
982.0000018 0 0 0 0 0 0 0 1 0 0 0 0 0 0 0 0 0 0
983.0000017 0 0 0 0 0 0 0 1 0 0 0 0 0 0 0 0 0 0
984.0000016 0 0 0 0 0 0 0 1 0 0 0 0 0 0 0 0 0 0
985.0000015 0 0 0 0 0 0 0 1 0 0 0 0 0 0 0 0 0 0
986.0000014 0 0 0 0 0 0 0 1 0 0 0 0 0 0 0 0 0 0
987.0000013 0 0 0 0 0 0 0 1 0 0 0 0 0 0 0 0 0 0
988.0000012 0 0 0 0 0 0 0 1 0 0 0 0 0 0 0 0 0 0
989.0000011 0 0 0 0 0 0 0 1 0 0 0 0 0 0 0 0 0 0
990.000001 0 0 0 0 0 0 0 1 0 0 0 0 0 0 0 0 0 0
991.0000009 0 0 0 0 0 0 0 1 0 0 0 0 0 0 0 0 0 0
992.0000008 0 0 0 0 0 0 0 1 0 0 0 0 0 0 0 0 0 0
993.0000007 0 0 0 0 0 0 0 1 0 0 0 0 0 0 0 0 0 0
994.0000006 0 0 0 0 0 0 0 1 0 0 0 0 0 0 0 0 0 0
995.0000005 0 0 0 0 0 0 0 1 0 0 0 0 0 0 0 0 0 0
996.0000004 0 0 0 0 0 0 0 1 0 0 0 0 0 0 0 0 0 0
997.0000003 0 0 0 0 0 0 0 1 0 0 0 0 0 0 0 0 0 0
998.0000002 0 0 0 0 0 0 0 1 0 0 0 0 0 0 0 0 0 0
999.0000001 0 0 0 0 0 0 0 1 0 0 0 0 0 0 0 0 0 0
1000 0 0 0 0 0 0 0 1 0 0 0 0 0 0 0 0 0 0

