0 9 2
0 3 1
0 1 0
1 10 2
1 4 1
1 2 0
2 11 2
2 5 1
3 12 2
3 6 1
3 4 0
4 13 2
4 7 1
4 5 0
5 14 2
5 8 1
6 15 2
6 7 0
7 16 2
7 8 0
8 17 2
9 18 2
9 12 1
9 10 0
10 19 2
10 13 1
10 11 0
11 20 2
11 14 1
12 21 2
12 15 1
12 13 0
13 22 2
13 16 1
13 14 0
14 23 2
14 17 1
15 24 2
15 16 0
16 25 2
16 17 0
17 26 2
18 27 2
18 21 1
18 19 0
19 28 2
19 22 1
19 20 0
20 29 2
20 23 1
21 30 2
21 24 1
21 22 0
22 31 2
22 25 1
22 23 0
23 32 2
23 26 1
24 33 2
24 25 0
25 34 2
25 26 0
26 35 2
27 36 2
27 30 1
27 28 0
28 37 2
28 31 1
28 29 0
29 38 2
29 32 1
30 39 2
30 33 1
30 31 0
31 40 2
31 34 1
31 32 0
32 41 2
32 35 1
33 42 2
33 34 0
34 43 2
34 35 0
35 44 2
36 39 1
36 37 0
37 40 1
37 38 0
38 41 1
39 42 1
39 40 0
40 43 1
40 41 0
41 44 1
42 43 0
43 44 0
