0 1 0 2 -19.7281929394 -49.3822096741 29.6540167347 0.197352722902 7.69932299567
0 2 0 2 -1.07233201299 -4.4886309366 3.41629892361 1.10962320084 1.31880732864
0 2 1 4 -0.520783533329 -3.32009492121 2.79931138788 1.20224038893 1.1616368976
1 1 0 1 -22.5728936463 -53.7915089515 31.2186153052 0.19123043884 7.90111486527
1 2 0 2 -1.85372818824 -6.15477357108 4.30104538284 0.994853139943 1.47484391853
1 2 1 4 -1.32504049712 -5.41284417387 4.08780367675 0.946549008199 1.41704398257
2 1 0 0 -25.0435376581 -57.0140429041 31.970505246 0.188293777998 7.99613772999
2 2 0 2 -2.7951878485 -8.08099015602 5.28580230752 0.907009739284 1.62954829133
2 2 1 4 -2.37605992928 -7.79515075971 5.41909083043 0.799032169431 1.63910882698
3 1 0 2 -20.4797923458 -50.1637907834 29.6839984376 0.197228506373 7.70324483925
3 2 0 1 -1.68638512576 -5.39214357367 3.70575844791 1.0622815001 1.37229796672
3 2 1 4 -1.13027117197 -4.35102458162 3.22075340965 1.0711821405 1.25632087068
4 1 0 1 -23.5059990136 -54.7487956461 31.2427966324 0.191115017443 7.90420869927
4 2 0 1 -2.59750534052 -7.26403339249 4.66652805196 0.954769717701 1.53476457185
4 2 1 4 -2.08863790721 -6.59972293123 4.51108502402 0.880810019178 1.49392475159
5 1 0 0 -26.0177327779 -57.8141754024 31.7964426245 0.188741619139 7.97437681323
5 2 0 1 -3.63564050156 -9.31950135155 5.68386084999 0.876077957327 1.68862817019
5 2 1 4 -3.26988294604 -9.10970539846 5.83982245242 0.759117838495 1.70451285436
6 1 0 2 -21.3632527521 -51.0924003972 29.7291476451 0.197029822495 7.70916238803
6 2 0 0 -2.37648431091 -6.40748860462 4.03100429371 1.01886309397 1.42927180414
6 2 1 4 -1.82724646894 -5.44693988668 3.61969341773 0.985626316838 1.33731799161
7 1 0 1 -24.5479356167 -55.8277439984 31.2798083817 0.190937463247 7.90894070429
7 2 0 0 -3.40251157237 -8.4461017425 5.04359017013 0.919935317601 1.59385470635
7 2 1 4 -2.92437296883 -7.84764114099 4.92326817216 0.830509639602 1.56391085424
8 1 0 0 -26.9073932334 -58.19194318 31.2845499466 0.190098643131 7.90999212085
8 2 0 0 -4.51319784938 -10.5575348554 6.04433700602 0.851847575568 1.74024041507
8 2 1 4 -4.22558874088 -10.4730963743 6.24750763345 0.726469764271 1.76488809541
9 1 0 2 -20.4946375501 -50.1687136214 29.6740760713 0.19723992646 7.70198664492
9 2 0 2 -1.6885698071 -5.40925560816 3.72068580106 1.06060159806 1.37489417631
9 2 1 3 -1.13347279849 -4.37291089909 3.23943810059 1.06784016383 1.2600536429
10 1 0 1 -23.591996379 -54.8642087802 31.2722124012 0.190990267565 7.90795666028
10 2 0 2 -2.62465772953 -7.35102460668 4.72636687715 0.949274029084 1.54427152271
10 2 1 3 -2.11964950002 -6.69620459 4.57655508998 0.872955434163 1.50515860815
11 1 0 0 -26.2771387012 -58.3720210538 32.0948823526 0.187850459447 8.01170779651
11 2 0 2 -3.69617731132 -9.50170814857 5.80553083725 0.867304517657 1.70641603592
11 2 1 3 -3.32842554426 -9.2593776906 5.93095214634 0.75172034115 1.71818135583
12 1 0 2 -21.4026524046 -51.125074769 29.7224223644 0.197023029924 7.70832925374
12 2 0 1 -2.39049090175 -6.45293881714 4.06244791539 1.01532587507 1.4346200506
12 2 1 3 -1.84315273313 -5.50018957468 3.65703684155 0.979587672438 1.34444919026
13 1 0 1 -24.6595136252 -55.9770996444 31.3175860192 0.190780503106 7.91374738445
13 2 0 1 -3.44025874978 -8.55838406828 5.1181253185 0.913848875966 1.60528205381
13 2 1 3 -2.96793888701 -7.96875672663 5.00081783962 0.822643847594 1.57655362253
14 1 0 0 -27.3600869118 -59.2914671197 31.9313802079 0.188243213084 7.99131693952
14 2 0 1 -4.59859565952 -10.8143100218 6.21571436232 0.840567361432 1.76457938475
14 2 1 3 -4.29708544338 -10.6504511127 6.35336566936 0.719104527917 1.78008736039
15 1 0 2 -22.4253461565 -52.2151621231 29.7898159666 0.19671347065 7.71717025148
15 2 0 0 -3.15583131172 -7.56372536715 4.40789405543 0.976659887144 1.49226249755
15 2 1 3 -2.62678440815 -6.6791209312 4.05233652305 0.915726120876 1.41845907288
16 1 0 1 -25.826602132 -57.2051299487 31.3785278167 0.190496593281 7.92151589406
16 2 0 0 -4.31414952545 -9.81308180372 5.49893227827 0.883629713674 1.66242375768
16 2 1 3 -3.88293542899 -9.29048863521 5.40755320622 0.782746640325 1.64136075147
17 1 0 0 -28.3229075753 -59.7085724228 31.3856648475 0.189666201639 7.92279714347
17 2 0 0 -5.53649088934 -12.1015796348 6.56508874543 0.820176577819 1.81269726855
17 2 1 3 -5.32554979957 -12.0754440564 6.74989425681 0.692328523846 1.83589686844
18 1 0 2 -21.4451557975 -51.1628566365 29.7177008389 0.197006420479 7.70775988162
18 2 0 2 -2.4056308349 -6.5010518618 4.0954210269 1.01160001 1.44022532705
18 2 1 2 -1.86014116976 -5.55586181868 3.69572064893 0.973381491151 1.35180587062
19 1 0 1 -24.7738779084 -56.1335641168 31.3596862084 0.190606367274 7.91909878981
19 2 0 2 -3.47982860217 -8.67278968346 5.19296108129 0.907744490857 1.61671117658
19 2 1 2 -3.01284889682 -8.08954892357 5.07670002674 0.815045669136 1.58883894682
20 1 0 0 -27.6397054992 -59.9037241878 32.2640186886 0.187257412921 8.03282322114
20 2 0 2 -4.67107982054 -11.0180829705 6.34700315 0.83208988423 1.78302204545
20 2 1 2 -4.36465899938 -10.8026456365 6.43798663711 0.713002874111 1.79221026348
21 1 0 2 -22.4926625195 -52.2828457007 29.7901831812 0.196670423142 7.7172718617
21 2 0 1 -3.18117153699 -7.63826783021 4.45709629322 0.971757071721 1.50031323169
21 2 1 2 -2.65553050876 -6.76191363357 4.1063831248 0.908536398555 1.42816141749
22 1 0 1 -25.9656484864 -57.3970825868 31.4314341004 0.190281996825 7.9282286283
22 2 0 1 -4.36058045326 -9.94936430721 5.58878385395 0.877218624022 1.6756667906
22 2 1 2 -3.93713090656 -9.43273365956 5.495602753 0.775247720884 1.65496273848
23 1 0 0 -28.818603107 -60.931671286 32.113068179 0.187588719912 8.01405618298
23 2 0 1 -5.63122523518 -12.3819117529 6.7506865177 0.809284651007 1.83805363151
23 2 1 2 -5.40067633015 -12.252829396 6.85215306584 0.686086900813 1.84995407088
24 1 0 2 -23.6425729829 -53.5280141226 29.8854411396 0.196225171947 7.72975623291
24 2 0 0 -4.02996223547 -8.82324894732 4.79328671185 0.937851650908 1.55433032067
24 2 1 2 -3.52886360182 -8.00952444709 4.48066084527 0.859439861876 1.49380353025
25 1 0 1 -27.2474987512 -58.7689877644 31.5214890131 0.189874277849 7.93966565583
25 2 0 0 -5.31854522357 -11.2740216717 5.95547644811 0.850416941612 1.72880376987
25 2 1 2 -4.93897519811 -10.8155327172 5.87655751913 0.743360118539 1.71257167115
26 1 0 0 -29.8255168304 -61.3411548817 31.5156380513 0.18913566087 7.93920919008
26 2 0 0 -6.64670469187 -13.7278089979 7.08110430602 0.79140455087 1.88209199839
26 2 1 2 -6.51096711628 -13.7235855385 7.21261842218 0.664331052794 1.89862755973
27 1 0 2 -22.5637810388 -52.3579338933 29.7941528546 0.196610380112 7.71784603251
27 2 0 2 -3.20800651076 -7.71469720546 4.5066906947 0.966770197266 1.50841892597
27 2 1 1 -2.68553266069 -6.84582466642 4.16029200572 0.901434796921 1.43778232426
28 1 0 1 -26.1055432441 -57.5977103848 31.4921671407 0.190038094106 7.93592341546
28 2 0 2 -4.40940974885 -10.0839381923 5.6745284435 0.870957567363 1.68827716711
28 2 1 1 -3.99194897908 -9.56806410742 5.57611512835 0.768385928621 1.66732321107
29 1 0 0 -29.0990349297 -61.5996871298 32.5006522001 0.186460734747 8.06224939916
29 2 0 2 -5.71050172449 -12.5932485537 6.88274682923 0.801419103417 1.8559440131
29 2 1 1 -5.46587046039 -12.37569752 6.90982705962 0.681972607058 1.85793074877
30 1 0 2 -23.7374109579 -53.6345356458 29.8971246879 0.196127078015 7.73133968976
30 2 0 1 -4.05717252982 -8.91268485057 4.85551232076 0.932815049115 1.56405555598
30 2 1 1 -3.56234003954 -8.11096444783 4.54862440829 0.852355719806 1.50526440892
31 1 0 1 -27.4099872025 -59.0068445078 31.5968573053 0.189574830941 7.94919366127
31 2 0 1 -5.35898071134 -11.4052193658 6.04623865449 0.844970553442 1.74166980747
31 2 1 1 -4.98947448761 -10.9590337079 5.96955922028 0.736951607475 1.72621601859
32 1 0 0 -30.3531364109 -62.7198485621 32.3667121513 0.186720248358 8.04566840452
32 2 0 1 -6.73240687688 -13.9853354649 7.25292858803 0.782197957122 1.90477633036
32 2 1 1 -6.56411021311 -13.8524738401 7.28836362697 0.660306048662 1.90864694127
33 1 0 2 -24.9895132935 -54.9667879776 29.977274684 0.195826374775 7.74174720083
33 2 0 0 -5.09760409909 -10.5010556037 5.40345150458 0.887426678371 1.64754428519
33 2 1 1 -4.63292390386 -9.6400952667 5.00717136284 0.800176447866 1.58127893954
34 1 0 1 -28.7915424992 -60.4236271021 31.6320846029 0.189476016789 7.95361711828
34 2 0 0 -6.52109593564 -13.2121120087 6.69101607304 0.807620996663 1.83036696987
34 2 1 1 -6.21500817708 -12.6777743258 6.46276614874 0.699846418047 1.79729014702
35 1 0 0 -32 -63.9999999999 32 0.1875 7.99999999999
35 2 0 0 -8 -16 7.99999999999 0.75 2
35 2 1 1 -8.00000000002 -16 7.99999999998 0.625 2
36 1 0 2 -23.8354882247 -53.7509459992 29.9154577745 0.195999175475 7.73379081114
36 2 0 2 -4.08803710845 -9.00444186587 4.91640475742 0.927597857188 1.57360476458
36 2 1 0 -3.59814761156 -8.21106449826 4.6129168867 0.845551068806 1.5160597027
37 1 0 1 -27.5683092854 -59.2561389321 31.6878296467 0.189220199641 7.96067016438
37 2 0 2 -5.40553729415 -11.5350819194 6.12954462522 0.839455654938 1.7535226527
37 2 1 0 -5.04076989318 -11.0852069843 6.04443709109 0.731531372545 1.73717073378
38 1 0 0 -30.5032422141 -63.4486016422 32.9453594281 0.185155778304 8.11713272351
38 2 0 2 -6.80013314419 -14.1465130199 7.34637987575 0.776200960284 1.91713176058
38 2 1 0 -6.5694454045 -13.7609364499 7.19149104544 0.663161818553 1.89603697143
39 1 0 2 -25.1060975576 -55.1225558178 30.0164582602 0.195581143401 7.7469378248
39 2 0 1 -5.10344761778 -10.5138402317 5.41039261392 0.88642958182 1.64874471694
39 2 1 0 -4.64395581264 -9.69001834038 5.04606252774 0.797644437101 1.58733416928
40 1 0 1 -28.9643678624 -60.7241250093 31.7597571469 0.188957657318 7.96972157136
40 2 0 1 -6.53147918387 -13.2258141408 6.69433495693 0.806458931679 1.83100946477
40 2 1 0 -6.22617477827 -12.7286861477 6.50251136943 0.698136935222 1.80275859345
41 1 0 0 -32.2105820237 -64.6208435086 32.4102614849 0.186407549404 8.05111188161
41 2 0 1 -8.02366119971 -16.0649847341 8.04132353435 0.747859294426 2.00515843668
41 2 1 0 -8.00141155767 -16.0074719049 8.00606034722 0.624837562105 2.00075706985
42 1 0 2 -26.8657353434 -56.4081366734 29.5424013301 0.19737102754 7.68507675882
42 2 0 0 -6.38248640778 -13.0015740587 6.61908765088 0.823531618368 1.81886831608
42 2 1 0 -6.13776130809 -12.3173690819 6.17960777383 0.712104888865 1.75774933631
43 1 0 1 -32.000000049 -64.0000001952 32.0000001462 0.187499999713 8.00000001827
43 2 0 0 -8.00000000615 -16.0000000244 8.00000001825 0.749999999426 2.00000000228
43 2 1 0 -7.99999999998 -16 8.00000000003 0.625 2
44 1 0 0 -40.5 -80.9999999999 40.5 0.166666666667 8.99999999999
44 2 0 0 -10.125 -20.25 10.125 0.666666666667 2.25
44 2 1 0 -10.125 -20.25 10.125 0.555555555556 2.25
