9 0 2 4.08264907181
10 1 2 3.61974832683
11 2 2 2.28301584128
12 3 2 3.55819940501
13 4 2 2.54553305304
14 5 2 0.77467970395
15 6 2 2.69555415743
16 7 2 1.22998092688
17 8 2 -0.925705564808
18 9 2 3.65502249446
19 10 2 2.55897256832
20 11 2 0.693846384424
21 12 2 2.75230368314
22 13 2 1.1969017167
23 14 2 -1.0572740942
24 15 2 1.61182763205
25 16 2 -0.349959271445
26 17 2 -2.95471516615
27 18 2 2.80725215537
28 19 2 1.15707881448
29 20 2 -1.18460373048
30 21 2 1.61677689178
31 22 2 -0.442048351315
32 23 2 -3.13606080547
33 24 2 0.269077321441
34 25 2 -2.11889847119
35 26 2 -5.02193423254
36 27 2 1.6179429066
37 28 2 -0.536927847148
38 29 2 -3.28660762098
39 30 2 0.221308247693
40 31 2 -2.26259535518
41 32 2 -5.27285589029
42 33 2 -0.880479804243
43 34 2 -3.00655062728
44 35 2 -8.00000000002
