0 9 2 -4.08264907181
1 10 2 -3.61974832683
2 11 2 -2.28301584128
3 12 2 -3.55819940501
4 13 2 -2.54553305304
5 14 2 -0.77467970395
6 15 2 -2.69555415743
7 16 2 -1.22998092688
8 17 2 0.925705564808
9 18 2 -3.65502249446
10 19 2 -2.55897256832
11 20 2 -0.693846384424
12 21 2 -2.75230368314
13 22 2 -1.1969017167
14 23 2 1.0572740942
15 24 2 -1.61182763205
16 25 2 0.349959271445
17 26 2 2.95471516615
18 27 2 -2.80725215537
19 28 2 -1.15707881448
20 29 2 1.18460373048
21 30 2 -1.61677689178
22 31 2 0.442048351315
23 32 2 3.13606080547
24 33 2 -0.269077321441
25 34 2 2.11889847119
26 35 2 5.02193423254
27 36 2 -1.6179429066
28 37 2 0.536927847148
29 38 2 3.28660762098
30 39 2 -0.221308247693
31 40 2 2.26259535518
32 41 2 5.27285589029
33 42 2 0.880479804243
34 43 2 3.00655062728
35 44 2 8.00000000002
36 39 1 0.531407933471
37 40 1 2.8835368275
38 41 1 5.57660508866
39 42 1 1.58417204617
40 43 1 3.49584699723
41 44 1 8.02366119971
42 43 0 21.7314706377
43 44 0 32.000000049
