1 9 5.21418516541e-05 21.2478531492 0 2 5.21418516541e-05
2 10 0.000153967639424 22.6674777289 0 2 0.000153967639424
3 9 6.52707279418e-08 0.556113953786 1 2 6.52707279418e-08
4 10 3.68666384532e-08 0.508867433312 1 2 3.68666384532e-08
4 12 5.85944929643e-05 21.4173611064 0 2 5.86313596027e-05
5 11 1.05846889883e-08 0.365757555521 1 2 1.05846889883e-08
5 13 0.00016779795507 22.7478498318 0 2 0.000167808539759
6 12 1.11449134569e-07 0.549237841968 1 2 1.11449134569e-07
7 13 5.52380007732e-08 0.478138603538 1 2 5.52380007732e-08
7 15 6.52247392726e-05 21.6235626479 0 2 6.52799772734e-05
8 14 9.47110005761e-09 0.287609108501 1 2 9.47110005761e-09
8 16 0.000180657263069 22.6818044925 0 2 0.000180666734169
10 18 4.47786620005e-05 21.472346879 0 2 4.47786620005e-05
11 19 0.000128858003411 22.948713157 0 2 0.000128858003411
12 18 4.09573791511e-08 0.547338168616 1 2 4.09573791511e-08
13 19 1.96240612194e-08 0.472319862773 1 2 1.96240612194e-08
13 21 4.99360171087e-05 21.6915747382 0 2 4.99556411699e-05
14 20 4.00033106217e-09 0.301510216142 1 2 4.00033106217e-09
14 22 0.000139757772825 23.0630014684 0 2 0.000139761773156
15 21 6.63421685351e-08 0.52904690357 1 2 6.63421685351e-08
16 22 2.72757009368e-08 0.431214096461 1 2 2.72757009368e-08
16 24 5.5145201091e-05 21.943666703 0 2 5.51724767919e-05
17 23 2.54401270786e-09 0.210941089767 1 2 2.54401270786e-09
17 25 0.00014934144154 22.9973577757 0 2 0.000149343985552
19 27 3.39570037839e-05 21.7610290116 0 2 3.39570037839e-05
20 28 9.51479481031e-05 23.2750464998 0 2 9.51479481031e-05
21 27 2.13971360686e-08 0.52564102823 1 2 2.13971360686e-08
22 28 8.45310081855e-09 0.423449546703 1 2 8.45310081855e-09
22 30 3.75671219776e-05 22.0285175798 0 2 3.75755750784e-05
23 29 1.0845011239e-09 0.230548905032 1 2 1.0845011239e-09
23 31 0.000102594306315 23.4179267768 0 2 0.000102595390816
24 30 3.36716891397e-08 0.501098633654 1 2 3.36716891397e-08
25 31 1.12358239609e-08 0.379570025457 1 2 1.12358239609e-08
25 33 4.09760546711e-05 22.3085235531 0 2 4.0987290495e-05
26 32 4.14575790952e-10 0.135737575592 1 2 4.14575790952e-10
26 34 0.00010827376127 23.3145497141 0 2 0.000108274175846
28 36 1.91533638515e-05 22.113594265 0 2 1.91533638515e-05
29 37 5.2060496537e-05 23.6331644693 0 2 5.2060496537e-05
30 36 7.98748153342e-09 0.494832490275 1 2 7.98748153342e-09
31 37 2.5487248794e-09 0.369506223731 1 2 2.5487248794e-09
31 39 2.09537689485e-05 22.4205127148 0 2 2.09563176734e-05
32 38 1.94709740086e-10 0.168296663771 1 2 1.94709740086e-10
32 40 5.55939509277e-05 23.7890261978 0 2 5.55941456374e-05
33 39 1.1725591374e-08 0.464680195223 1 2 1.1725591374e-08
34 40 2.60564238586e-09 0.306087758557 1 2 2.60564238586e-09
34 42 2.29298188372e-05 22.5765343221 0 2 2.29324244796e-05
35 43 6.21048995916e-05 23.9999999999 0 2 6.21048995916e-05
