0 0 0 0 0 0 2.13073863632e-314 2.65665570424e-314 3.95252516673e-323 3.04168134663e-314 2.13072371751e-314 2.12979743534e-314 3.04168168654e-314 3.95252516673e-323
1 1 0 0 0 0 2.13073863632e-314 2.65665570424e-314 3.95252516673e-323 3.04168134663e-314 2.13072371751e-314 2.12979743534e-314 3.04168168654e-314 3.95252516673e-323
2 2 0 0 0 0 2.13073863632e-314 2.65665570424e-314 3.95252516673e-323 3.04168134663e-314 2.13072371751e-314 2.12979743534e-314 3.04168168654e-314 3.95252516673e-323
3 3 0 0 0 0 2.13073863632e-314 2.65665570424e-314 3.95252516673e-323 3.04168134663e-314 2.13072371751e-314 2.12979743534e-314 3.04168168654e-314 3.95252516673e-323
4 4 0 0 0 0 2.13073863632e-314 2.65665570424e-314 3.95252516673e-323 3.04168134663e-314 2.13072371751e-314 2.12979743534e-314 3.04168168654e-314 3.95252516673e-323
5 5 0 0 0 0 2.13073863632e-314 2.65665570424e-314 3.95252516673e-323 3.04168134663e-314 2.13072371751e-314 2.12979743534e-314 3.04168168654e-314 3.95252516673e-323
6 6 0 0 0 0 2.13074266987e-314 3.0427334693e-314 3.63217088361e-133 3.04273349302e-314 2.13073849798e-314 5.21501868856e-310 2.12975233109e-314 0
7 7 0 0 0 0 2.13074266987e-314 3.0427334693e-314 3.63217088361e-133 3.04273349302e-314 2.13073849798e-314 5.21501868856e-310 2.12975233109e-314 0
8 8 0 0 0 0 2.13074266987e-314 3.0427334693e-314 3.63217088361e-133 3.04273349302e-314 2.13073849798e-314 5.21501868856e-310 2.12975233109e-314 0
9 9 0 0 0 0 2.13074266987e-314 3.0427334693e-314 3.63217088361e-133 3.04273349302e-314 2.13073849798e-314 5.21501868856e-310 2.12975233109e-314 0
10 10 0 0 0 0 2.13074266987e-314 3.0427334693e-314 3.63217088361e-133 3.04273349302e-314 2.13073849798e-314 5.21501868856e-310 2.12975233109e-314 0
11 11 0 0 0 0 2.13074266987e-314 3.0427334693e-314 3.63217088361e-133 3.04273349302e-314 2.13073849798e-314 5.21501868856e-310 2.12975233109e-314 0
12 12 0 0 0 0 2.13074266987e-314 3.04379388437e-314 6.41763291914e+16 3.04379390809e-314 2.13073849798e-314 5.21501868857e-310 2.12975233109e-314 0
13 13 0 0 0 0 2.13074266987e-314 3.04379388437e-314 6.41763291914e+16 3.04379390809e-314 2.13073849798e-314 5.21501868857e-310 2.12975233109e-314 0
14 14 0 0 0 0 2.13074266987e-314 3.04379388437e-314 6.41763291914e+16 3.04379390809e-314 2.13073849798e-314 5.21501868857e-310 2.12975233109e-314 0
15 15 0 0 0 0 2.13074266987e-314 3.04379388437e-314 6.41763291914e+16 3.04379390809e-314 2.13073849798e-314 5.21501868857e-310 2.12975233109e-314 0
16 16 0 0 0 0 2.13074266987e-314 3.04379388437e-314 6.41763291914e+16 3.04379390809e-314 2.13073849798e-314 5.21501868857e-310 2.12975233109e-314 0
17 17 0 0 0 0 2.13074266987e-314 3.04379388437e-314 6.41763291914e+16 3.04379390809e-314 2.13073849798e-314 5.21501868857e-310 2.12975233109e-314 0
18 18 0 0 0 0 2.13074266987e-314 3.04485429944e-314 -4.42632712119e-220 3.04485432316e-314 2.13073849798e-314 5.21501868858e-310 2.12975233109e-314 0
19 19 0 0 0 0 2.13074266987e-314 3.04485429944e-314 -4.42632712119e-220 3.04485432316e-314 2.13073849798e-314 5.21501868858e-310 2.12975233109e-314 0
20 20 0 0 0 0 2.13074266987e-314 3.04485429944e-314 -4.42632712119e-220 3.04485432316e-314 2.13073849798e-314 5.21501868858e-310 2.12975233109e-314 0
21 21 0 0 0 0 2.13074266987e-314 3.04485429944e-314 -4.42632712119e-220 3.04485432316e-314 2.13073849798e-314 5.21501868858e-310 2.12975233109e-314 0
22 22 0 0 0 0 2.13074266987e-314 3.04485429944e-314 -4.42632712119e-220 3.04485432316e-314 2.13073849798e-314 5.21501868858e-310 2.12975233109e-314 0
23 23 0 0 0 0 2.13074266987e-314 3.04485429944e-314 -4.42632712119e-220 3.04485432316e-314 2.13073849798e-314 5.21501868858e-310 2.12975233109e-314 0
24 24 0 0 0 0 2.13074266987e-314 3.04591471452e-314 -8.35408361261e+188 3.04591473823e-314 2.13073849798e-314 5.21501868861e-310 2.12975233109e-314 0
25 25 0 0 0 0 2.13074266987e-314 3.04591471452e-314 -8.35408361261e+188 3.04591473823e-314 2.13073849798e-314 5.21501868861e-310 2.12975233109e-314 0
26 26 0 0 0 0 2.13074266987e-314 3.04591471452e-314 -8.35408361261e+188 3.04591473823e-314 2.13073849798e-314 5.21501868861e-310 2.12975233109e-314 0
27 27 0 0 0 0 2.13074266987e-314 3.04591471452e-314 -8.35408361261e+188 3.04591473823e-314 2.13073849798e-314 5.21501868861e-310 2.12975233109e-314 0
28 28 0 0 0 0 2.13074266987e-314 3.04591471452e-314 -8.35408361261e+188 3.04591473823e-314 2.13073849798e-314 5.21501868861e-310 2.12975233109e-314 0
29 29 0 0 0 0 2.13074266987e-314 3.04591471452e-314 -8.35408361261e+188 3.04591473823e-314 2.13073849798e-314 5.21501868861e-310 2.12975233109e-314 0
30 30 0 0 0 0 2.13074266987e-314 3.04697512959e-314 1.72191665224e-41 3.0469751533e-314 2.13073849798e-314 5.2150186886e-310 2.12975233109e-314 0
31 31 0 0 0 0 2.13074266987e-314 3.04697512959e-314 1.72191665224e-41 3.0469751533e-314 2.13073849798e-314 5.2150186886e-310 2.12975233109e-314 0
32 32 0 0 0 0 2.13074266987e-314 3.04697512959e-314 1.72191665224e-41 3.0469751533e-314 2.13073849798e-314 5.2150186886e-310 2.12975233109e-314 0
33 33 0 0 0 0 2.13074266987e-314 3.04697512959e-314 1.72191665224e-41 3.0469751533e-314 2.13073849798e-314 5.2150186886e-310 2.12975233109e-314 0
34 34 0 0 0 0 2.13074266987e-314 3.04697512959e-314 1.72191665224e-41 3.0469751533e-314 2.13073849798e-314 5.2150186886e-310 2.12975233109e-314 0
35 35 0 0 0 0 2.13074266987e-314 3.04803554466e-314 -6.64281290051e+16 3.04803556838e-314 2.13073849798e-314 5.21501868936e-310 2.12975233109e-314 0
36 36 0 0 0 0 2.13074266987e-314 3.04803554466e-314 -6.64281290051e+16 3.04803556838e-314 2.13073849798e-314 5.21501868936e-310 2.12975233109e-314 0
37 37 0 0 0 0 2.13074266987e-314 3.04803554466e-314 -6.64281290051e+16 3.04803556838e-314 2.13073849798e-314 5.21501868936e-310 2.12975233109e-314 0
38 38 0 0 0 0 2.13074266987e-314 3.04803554466e-314 -6.64281290051e+16 3.04803556838e-314 2.13073849798e-314 5.21501868936e-310 2.12975233109e-314 0
39 39 0 0 0 0 2.13074266987e-314 3.04803554466e-314 -6.64281290051e+16 3.04803556838e-314 2.13073849798e-314 5.21501868936e-310 2.12975233109e-314 0
40 40 0 0 0 0 5.21501868937e-310 2.58515454769e-314 2.65665570424e-314 3.04168168654e-314 2.65665783465e-314 2.12975233109e-314 5.21501868937e-310 0
41 41 0 0 0 0 5.21501868937e-310 2.58515454769e-314 2.65665570424e-314 3.04168168654e-314 2.65665783465e-314 2.12975233109e-314 5.21501868937e-310 0
42 42 0 0 0 0 5.21501868937e-310 2.58515454769e-314 2.65665570424e-314 3.04168168654e-314 2.65665783465e-314 2.12975233109e-314 5.21501868937e-310 0
43 43 0 0 0 0 5.21501868937e-310 2.58515454769e-314 2.65665570424e-314 3.04168168654e-314 2.65665783465e-314 2.12975233109e-314 5.21501868937e-310 0
44 44 0 0 0 0 5.21501868937e-310 2.58515454769e-314 2.65665570424e-314 3.04168168654e-314 2.65665783465e-314 2.12975233109e-314 5.21501868937e-310 0
