0 9 5.58953754619e-09 2 366.971363328
0 3 2.72821238268e-07 1 366.417851913
0 1 4.99366684017e-06 0 347.740237179
1 10 1.03880600795e-08 2 366.166245932
1 4 3.45235718288e-07 1 365.635370845
1 2 2.65022522395e-06 0 344.893618543
2 11 1.64050416053e-08 2 365.114191404
2 5 4.27222734047e-07 1 364.692682839
3 12 6.64930076194e-09 2 366.361672339
3 6 1.4789975177e-07 1 365.803526495
3 4 5.00150655622e-06 0 346.988598479
4 13 1.18276038971e-08 2 365.402388229
4 7 1.8728150989e-07 1 364.89121635
4 5 2.65360676919e-06 0 343.960486658
5 14 1.78770496539e-08 2 364.220068039
5 8 2.28987063785e-07 1 363.851810107
6 15 7.75930881456e-09 2 365.664485708
6 7 5.01217910465e-06 0 346.105082987
7 16 1.33418880112e-08 2 364.566380035
7 8 2.65793837602e-06 0 342.918511561
8 17 1.88405151045e-08 2 363.264065393
9 18 5.02008418228e-09 2 366.358459634
9 12 2.96666947916e-07 1 365.801327703
9 10 4.9957990478e-06 0 346.973776171
10 19 9.02978535951e-09 2 365.371331331
10 13 3.79014570348e-07 1 364.863998008
10 11 2.65369335577e-06 0 343.874461574
11 20 1.3920315114e-08 2 364.161446948
11 14 4.69956872733e-07 1 363.791103813
12 21 5.89498821858e-09 2 365.648557301
12 15 1.62041838236e-07 1 365.099073275
12 13 5.006604405e-06 0 346.065703932
13 22 1.02013630368e-08 2 364.522757971
13 16 2.05494117311e-07 1 364.047975961
13 14 2.65892042325e-06 0 342.806895818
14 23 1.50514779467e-08 2 363.19246377
14 17 2.50452679873e-07 1 362.888235016
15 24 6.81020571873e-09 2 364.864695697
15 16 5.02086773403e-06 0 345.042933034
16 25 1.14060759874e-08 2 363.607468881
16 17 2.66527992038e-06 0 341.639744292
17 26 1.5828900666e-08 2 362.1636941
18 27 3.98173709722e-09 2 365.631545898
18 21 3.26309175097e-07 1 365.083901581
18 19 5.00121631851e-06 0 346.023219591
19 28 6.91617157638e-09 2 364.477792864
19 22 4.16431174864e-07 1 364.008322731
19 20 2.65970477409e-06 0 342.692490194
20 29 1.04216536631e-08 2 363.124814569
20 23 5.13283767019e-07 1 362.815565496
21 30 4.62137979954e-09 2 364.83591588
21 24 1.77759247628e-07 1 364.30799347
21 22 5.01593879646e-06 0 344.975631464
22 31 7.73528903381e-09 2 363.553205965
22 25 2.24196651832e-07 1 363.127126947
22 23 2.6669943835e-06 0 341.50064359
23 32 1.13102107023e-08 2 362.088458531
23 26 2.72401247267e-07 1 361.854959771
24 33 5.21677636196e-09 2 363.962347779
24 25 5.03483062212e-06 0 343.825616294
25 34 8.59891855169e-09 2 362.551069726
25 26 2.67580612309e-06 0 340.218700191
26 35 1.16771976442e-08 2 360.977885476
27 36 2.34854570695e-09 2 364.805879963
27 30 3.59003370007e-07 1 364.281109741
27 28 5.01153888861e-06 0 344.904524721
28 37 3.93020685494e-09 2 363.498326176
28 31 4.53923737973e-07 1 363.078200631
28 29 2.66884037129e-06 0 341.360687081
29 38 5.80596176564e-09 2 362.023212469
29 32 5.57524789027e-07 1 361.775494697
30 39 2.6841963694e-09 2 363.928824163
30 33 1.93213358152e-07 1 363.431576876
30 31 5.03107304164e-06 0 343.730783117
31 40 4.35956220354e-09 2 362.500490924
31 34 2.41832568634e-07 1 362.128198219
31 32 2.67897181985e-06 0 340.056132768
32 41 6.21576399746e-09 2 360.924645705
32 35 2.92980862514e-07 1 360.753159261
33 42 3.06443179625e-09 2 362.857974591
33 34 5.05196880616e-06 0 342.478579571
34 43 4.7608495246e-09 2 361.274617192
34 35 2.68373991684e-06 0 338.674523996
35 44 6.86828756216e-09 2 359.48813323
36 39 3.91023580114e-07 1 363.400649216
36 37 5.02861842299e-06 0 343.632704667
37 40 4.88276476181e-07 1 362.08154307
37 38 2.68314746271e-06 0 339.897715666
38 41 5.92588285267e-07 1 360.685310545
39 42 2.14258172536e-07 1 362.384749595
39 40 5.05139559175e-06 0 342.361977407
40 43 2.66706641119e-07 1 360.954981604
40 41 2.69085005872e-06 0 338.501567075
41 44 3.25660176087e-07 1 359.460922699
42 43 5.02159727501e-06 0 340.602864583
43 44 2.68209230134e-06 0 335.465864447
