1 0 0
2 1 0
3 0 1
4 3 0
4 1 1
5 4 0
5 2 1
6 3 1
7 6 0
7 4 1
8 7 0
8 5 1
9 0 2
10 9 0
10 1 2
11 10 0
11 2 2
12 9 1
12 3 2
13 12 0
13 10 1
13 4 2
14 13 0
14 11 1
14 5 2
15 12 1
15 6 2
16 15 0
16 13 1
16 7 2
17 16 0
17 14 1
17 8 2
18 9 2
19 18 0
19 10 2
20 19 0
20 11 2
21 18 1
21 12 2
22 21 0
22 19 1
22 13 2
23 22 0
23 20 1
23 14 2
24 21 1
24 15 2
25 24 0
25 22 1
25 16 2
26 25 0
26 23 1
26 17 2
27 18 2
28 27 0
28 19 2
29 28 0
29 20 2
30 27 1
30 21 2
31 30 0
31 28 1
31 22 2
32 31 0
32 29 1
32 23 2
33 30 1
33 24 2
34 33 0
34 31 1
34 25 2
35 34 0
35 26 2
35 32 1
36 27 2
37 36 0
37 28 2
38 37 0
38 29 2
39 36 1
39 30 2
40 39 0
40 37 1
40 31 2
41 40 0
41 38 1
41 32 2
42 39 1
42 33 2
43 42 0
43 40 1
43 34 2
44 43 0
44 41 1
44 35 2
