0 1 18 
0 1 2 
0.0001 2.65009827195e+35 2.65009827195e+35 
0 1 12 18 
0 1 2 3 
0.0001 8.0000992 8.49539541266 33821.9985899 
0 1 12 18 
0 1 2 3 
0.0001 8.0000992 8.49539559061 33821.9985901 
0 1 6 12 18 
0 1 2 3 3 
0.0001 12.0000988 13.0357285627 46030.6655112 659117.701691 
0 1 6 12 18 
0 1 2 3 3 
0.0001 12.0000988 13.0357285627 46030.6655112 659117.701691 
0 1 18 
0 1 2 
0.0001 3.08450928862e+13 3.08450928862e+13 
0 1 12 18 
0 1 2 3 
0.0001 1.74005977188e+19 1.74005977188e+19 1.74005977188e+19 
0 1 18 
0 1 2 
0.0001 1.23149818951 1.27652570033 
0 1 2 5 8 17 26 35 44 
0 1 1 1 1 1 1 1 1 
0.0001 0.000100747971589 0.000102551823408 0.000103662848653 0.000317288433658 0.000865961255563 0.00170601651162 0.00364744472077 0.0148181400693 
0 1 18 
0 1 2 
0.0001 4.4989761164e+36 4.4989761164e+36 
