9 0 18 0.0856337249524 3.46995980665 2 1
3 0 12 0.100559471532 3.42493130817 2 1
1 0 10 0.423006160385 6.29948041542 2 1
10 1 19 0.0514546096431 2.82513932393 2 1
4 1 13 0.0466716982437 2.64263425277 2 1
2 1 11 0.25694169681 3.71093711988 2 1
11 2 20 0.0358524021402 1.33065022631 2 1
5 2 14 0.026528169669 1.14586177405 2 1
12 3 21 0.0535209472903 2.84531784386 2 1
6 3 15 0.0558123337897 2.72757553159 2 1
4 3 13 0.310067053996 5.68215591631 2 1
13 4 22 0.0355222136874 1.66623207324 2 1
7 4 16 0.0298840805106 1.46050388074 2 1
5 4 14 0.197416396606 2.49323237032 2 1
15 6 24 0.0349930257851 1.89601621822 2 1
7 6 16 0.233219439139 4.64881589529 2 1
16 7 25 0.0237689427989 0.271418466728 2 1
8 7 17 0.151916959113 0.979274347309 2 1
18 9 27 0.0466635641911 2.92835412319 2 1
12 9 21 0.0502175277595 2.80383787432 2 1
10 9 19 0.28865279449 5.80841527826 2 1
19 10 28 0.0319246368701 1.66577317151 2 1
13 10 22 0.0271682689623 1.46004754045 2 1
11 10 20 0.180824564824 2.44094175205 2 1
21 12 30 0.0301104438152 1.93992590751 2 1
15 12 24 0.0296745624085 1.76949812078 2 1
13 12 22 0.214180415252 4.7130486433 2 1
22 13 31 0.0159404277566 0.227709697159 2 1
16 13 25 0.0169707198159 0.0291427036907 2 1
14 13 23 0.136342654525 0.848691135471 2 1
24 15 33 0.0187512218517 0.709748438381 2 1
16 15 25 0.15683861358 3.28677360897 2 1
27 18 36 0.0248323420134 1.98186066443 2 1
21 18 30 0.0254775573025 1.80580231517 2 1
19 18 28 0.193541935771 4.76968420273 2 1
28 19 37 0.00790651583736 0.177978732227 2 1
20 19 29 0.121867788609 0.721463642478 2 1
30 21 39 0.0147258374702 0.709967361001 2 1
24 21 33 0.0145908184858 0.517623511271 2 1
22 21 31 0.1390341715 3.2784647722 2 1
25 24 34 0.0947146452982 1.48617376278 2 1
36 27 39 0.0107737692103 0.215438458847 1 1
30 27 39 0.0114500113738 0.510893196658 2 1
28 27 37 0.120875010393 3.25903602082 2 1
31 30 40 0.0789876651155 1.41204438652 2 1
37 36 40 0.0641071230281 0.962284137956 1 1
