1 18 0.000439079314667 10.9471612607 0 2 2 0.000439079314667
1 6 0.000961632508202 10.3406496875 0 1 1 0.00140071182287
1 12 0.000970167549589 10.6439054741 0 1 2 0.00237087937246
2 19 0.00175498684983 11.1333944164 0 2 2 0.00175498684983
2 7 0.00289491969359 10.7085024561 0 1 1 0.00464990654341
2 13 0.00333294433127 10.9209484362 0 1 2 0.00798285087468
4 21 0.000573878839138 10.499752512 0 2 2 0.000573878839138
4 15 0.000601959994878 10.2155089712 0 1 2 0.00117583883402
5 16 0.0019780300881 10.3263534454 0 1 2 0.0019780300881
5 22 0.00212863496413 10.4897466221 0 2 2 0.00410666505224
7 24 0.00070310024058 9.99758834268 0 2 2 0.00070310024058
8 25 0.00258625078147 9.59890221772 0 2 2 0.00258625078147
10 21 0.000619875384713 10.2370768561 0 1 2 0.000619875384713
10 15 0.00117798387513 9.9542241907 0 1 1 0.00179785925984
11 22 0.00199404427902 10.4281365848 0 1 2 0.00199404427902
11 16 0.003462630038 10.2535286238 0 1 1 0.00545667431702
13 24 0.000370473346198 9.7796745136 0 1 2 0.000370473346198
14 25 0.00114760636827 9.78986841922 0 1 2 0.00114760636827
19 24 0.00139444142271 9.5621856462 0 1 1 0.00139444142271
20 25 0.0039158298687 9.67937675385 0 1 1 0.0039158298687
