0 1 0 2 -290.865657392 -1.05417315176 11.4098426142 0.845432053013 -291.074398491 -291.074398491 2 2
0 2 0 2 -17.5472208915 -0.0685671899412 0.603578583168 0.0450114825035 -17.5707765989 -17.5707765989 2 2
0 2 1 2 -8.98913226005 -0.0051788736665 0.00353900106896 -0.000426895059071 -8.99119902771 -9.00181603092 0.666666666667 1.33333333333
1 1 0 1 -351.25438228 -1.15325482805 12.2872566927 0.92224674649 -351.485390362 -351.485390362 1 1
1 2 0 2 -34.9426521413 -0.100723150213 0.850436817495 0.0641787701493 -34.9791965214 -34.9791965214 2 2
1 2 1 2 -26.6910621887 -0.0124310767212 0.00796292053236 -0.000638474831939 -26.6961688198 -26.7200575813 0.666666666667 1.33333333333
2 1 0 0 -404.315304959 -1.20592062376 12.7449264594 0.962980692031 -404.558244891 -404.558244891 0 0
2 2 0 2 -56.4684765648 -0.138678665655 1.13864484133 0.0865539007711 -56.5206013297 -56.5206013297 2 2
2 2 1 2 -50.6878214438 -0.0219800080375 0.0133282579881 -0.000578701079368 -50.697051895 -50.7370366689 0.666666666667 1.33333333333
3 1 0 2 -307.364021721 -1.05659702566 11.4316107642 0.847322563251 -307.573296184 -307.573296184 2 2
3 2 0 1 -30.401443323 -0.0769914500281 0.67542709416 0.0504192254124 -30.4280155476 -30.4280155476 1 1
3 2 1 2 -21.6927426131 -0.00680828064965 0.00455563155285 -0.000497961273723 -21.6954932234 -21.7091601181 0.666666666667 1.33333333333
4 1 0 1 -372.454872447 -1.15571541208 12.3095337345 0.92417094043 -372.686416919 -372.686416919 1 1
4 2 0 1 -51.1125700411 -0.112143300093 0.942834887686 0.071222560253 -51.153490781 -51.153490781 1 1
4 2 1 2 -43.3783032996 -0.0148180314257 0.0093267168939 -0.000645956052467 -43.3844405702 -43.4124207209 0.666666666667 1.33333333333
5 1 0 0 -426.689979691 -1.1922032657 12.63226948 0.952424701948 -426.929758254 -426.929758254 0 0
5 2 0 1 -75.0779153899 -0.151014995719 1.23807212795 0.0939674660865 -75.1349629195 -75.1349629195 1 1
5 2 1 2 -70.6319870515 -0.0249653514515 0.0148820754761 -0.0004684842831 -70.6425388118 -70.6871850382 0.666666666667 1.33333333333
6 1 0 2 -327.131036659 -1.06035602519 11.4658145324 0.850257266084 -327.341135418 -327.341135418 2 2
6 2 0 0 -45.331575604 -0.0855917156684 0.747684178996 0.0558647673096 -45.3613025524 -45.3613025524 0 0
6 2 1 2 -36.7162443046 -0.0084353081949 0.00553831775863 -0.000543084736581 -36.7196843798 -36.7362993331 0.666666666667 1.33333333333
7 1 0 1 -396.320967895 -1.15936947446 12.3428435195 0.927027233337 -396.553310136 -396.553310136 1 1
7 2 0 0 -69.241388292 -0.122893868682 1.02843405192 0.0777508401017 -69.2865313206 -69.2865313206 0 0
7 2 1 2 -62.1432945463 -0.0171780834521 0.0106495123649 -0.000630472912792 -62.1504535903 -62.1824021274 0.666666666667 1.33333333333
8 1 0 0 -446.200234103 -1.13935484765 12.1962214986 0.911380540882 -446.42820841 -446.42820841 0 0
8 2 0 0 -95.1715110577 -0.1584939058 1.30694508565 0.0983036491067 -95.2317013143 -95.2317013143 0 0
8 2 1 2 -92.5070523796 -0.0276016020233 0.0161561793291 -0.000289534441479 -92.5187873367 -92.5672558747 0.666666666667 1.33333333333
9 1 0 2 -307.44292039 -1.05560886545 11.4239571923 0.846558815142 -307.651970441 -307.651970441 2 2
9 2 0 2 -30.453640402 -0.0770034256267 0.675624551246 0.0504201218416 -30.4802237058 -30.4802237058 2 2
9 2 1 1 -21.7347132421 -0.00682255419553 0.00456471153253 -0.000498617088609 -21.7374697019 -21.7511638365 0.333333333333 0.666666666667
10 1 0 1 -374.4685483 -1.15817213178 12.3322417752 0.926069885637 -374.700650547 -374.700650547 1 1
10 2 0 2 -51.8070540361 -0.114030822617 0.957506340368 0.0723504809647 -51.8487343778 -51.8487343778 2 2
10 2 1 1 -44.1106330093 -0.0151810001298 0.00953664057113 -0.000648646661378 -44.1169260156 -44.1455359373 0.333333333333 0.666666666667
11 1 0 0 -432.076750984 -1.22057412926 12.8704461077 0.974279517952 -432.323045595 -432.323045595 0 0
11 2 0 2 -76.5391185655 -0.155973289074 1.27100511334 0.096916430783 -76.5981754238 -76.5981754238 2 2
11 2 1 1 -71.7880359455 -0.0253153557094 0.0151236535466 -0.000503224749131 -71.7987308724 -71.844101833 0.333333333333 0.666666666667
12 1 0 2 -327.897827322 -1.05965097812 11.4609891082 0.849715450372 -328.107762849 -328.107762849 2 2
12 2 0 1 -45.614408377 -0.0863338442827 0.753972177186 0.056322148257 -45.6444200731 -45.6444200731 1 1
12 2 1 1 -37.0102520667 -0.00857841700542 0.00562357057674 -0.000546089012633 -37.0137530022 -37.0306237139 0.333333333333 0.666666666667
13 1 0 1 -398.969004865 -1.16271076392 12.3734084318 0.929612335601 -399.202103294 -399.202103294 1 1
13 2 0 1 -69.9227730795 -0.12533643898 1.0469989935 0.0791834089088 -69.9689261095 -69.9689261095 1 1
13 2 1 1 -62.9412882732 -0.0177093991546 0.0109491714119 -0.000628208618232 -62.9486767095 -62.9815242238 0.333333333333 0.666666666667
14 1 0 0 -456.741752167 -1.20822575331 12.770020611 0.964798380346 -456.98517954 -456.98517954 0 0
14 2 0 1 -96.8414139722 -0.167563568674 1.36292558482 0.103757838159 -96.9052197027 -96.9052197027 1 1
14 2 1 1 -93.5180185051 -0.0283000940449 0.0166513727192 -0.000368670213821 -93.5300358966 -93.5799900148 0.333333333333 0.666666666667
15 1 0 2 -350.526854699 -1.06354939992 11.4954005498 0.852736994572 -350.737667104 -350.737667104 2 2
15 2 0 0 -64.9516225624 -0.100758412272 0.876376931344 0.0656161761396 -64.9867647985 -64.9867647985 0 0
15 2 1 1 -56.5146321267 -0.0105778875141 0.00678124812981 -0.000568177551601 -56.5189969436 -56.539340688 0.333333333333 0.666666666667
16 1 0 1 -425.485267317 -1.16465162051 12.389305272 0.931100485634 -425.718818452 -425.718818452 1 1
16 2 0 0 -92.6605631568 -0.144840013169 1.20466791496 0.0913490739001 -92.7140540961 -92.7140540961 0 0
16 2 1 1 -86.6945833864 -0.0206349281467 0.0125117298593 -0.000557543774476 -86.7032641285 -86.7407993181 0.333333333333 0.666666666667
17 1 0 0 -489.779999999 -1.17316708877 12.4859273772 0.937679462632 -490.015487625 -490.015487625 0 0
17 2 0 0 -122.445 -0.190658330284 1.5473959196 0.117209726949 -122.518448604 -122.518448604 0 0
17 2 1 1 -122.444999999 -0.0342319010355 0.0195609987588 7.80291171578e-08 -122.459670824 -122.51835382 0.333333333333 0.666666666667
18 1 0 2 -328.708676835 -1.05911117002 11.4577823986 0.849302324219 -328.918485681 -328.918485681 2 2
18 2 0 2 -45.9205143974 -0.0870226043328 0.7597710331 0.0567425682737 -45.9507944334 -45.9507944334 2 2
18 2 1 0 -37.3175138974 -0.00871323175478 0.00570425876869 -0.000549108735385 -37.3210719792 -37.3381847555 0 0
19 1 0 1 -401.583159276 -1.16676538795 12.4105035695 0.932746917993 -401.817177746 -401.817177746 1 1
19 2 0 2 -70.6980439214 -0.127437345099 1.06266561768 0.0804003718658 -70.7450808946 -70.7450808946 2 2
19 2 1 0 -63.7552607825 -0.0181303832574 0.0111913308823 -0.000629535947689 -63.7628293709 -63.7964033635 0 0
20 1 0 0 -459.674421674 -1.25011750875 13.1201624456 0.996939834408 -459.927599348 -459.927599348 0 0
20 2 0 2 -98.1492901005 -0.171270757735 1.38412755825 0.10613275963 -98.2144280986 -98.2144280986 2 2
20 2 1 0 -93.6048732147 -0.0271682491781 0.0161439773318 -0.000478004893478 -93.6163754914 -93.6648074234 0 0
21 1 0 2 -351.994100025 -1.06364959553 11.4986502417 0.852829115363 -352.204920506 -352.204920506 2 2
21 2 0 1 -65.0107743454 -0.100768264179 0.87575357759 0.0655383590915 -65.0460042505 -65.0460042505 1 1
21 2 1 0 -56.6205546358 -0.0107495649162 0.00688546026996 -0.000571424838443 -56.6249901652 -56.6456465461 0 0
22 1 0 1 -428.581144105 -1.1705103611 12.4429446516 0.935642814443 -428.816011652 -428.816011652 1 1
22 2 0 1 -92.834922464 -0.144911516705 1.20243917826 0.0911828013603 -92.8886511793 -92.8886511793 1 1
22 2 1 0 -86.8718867306 -0.0210222755947 0.0127458556239 -0.000563772691952 -86.8807269233 -86.9189644902 0 0
23 1 0 0 -494.083678628 -1.20965888561 12.7849952198 0.9660310032 -494.32730651 -494.32730651 0 0
23 2 0 1 -122.927990531 -0.194505451414 1.56862415304 0.119600653976 -123.002895329 -123.002895329 1 1
23 2 1 0 -122.47375353 -0.0343825559837 0.0197137628007 -5.42205956625e-05 -122.488476544 -122.547617832 0 0
24 1 0 2 -386.305371199 -1.03707041684 11.2531506778 0.832292801987 -386.510148814 -386.510148814 2 2
24 2 0 0 -89.9784326847 -0.140583641179 1.21430879796 0.090987890514 -90.0280284354 -90.0280284354 0 0
24 2 1 0 -85.2563005381 -0.0173732664378 0.0103865677354 -0.000381758023166 -85.2636689948 -85.294828698 0 0
25 1 0 1 -489.780000914 -1.17316738946 12.4859452218 0.937679748976 -490.015488555 -490.015488555 1 1
25 2 0 0 -122.445000115 -0.190658367926 1.54739814768 0.117209762606 -122.51844872 -122.51844872 0 0
25 2 1 0 -122.444999999 -0.0342319010356 0.0195609987725 7.80155549912e-08 -122.459670824 -122.51835382 0 0
26 1 0 0 -666.644999999 -2.17328307198 22.5962083623 1.73678526532 -667.081497806 -667.081497806 0 0
26 2 0 0 -166.66125 -0.353198870492 2.79980291553 0.217097658481 -166.797351212 -166.797351212 0 0
26 2 1 0 -166.66125 -0.0634188228285 0.0362391138819 1.89998036881e-07 -166.688429519 -166.797146861 0 0
