0 1 0 2 -10.6896603231 -27.0934110111 16.403750688 0.266043822198 5.72582899787
0 2 0 2 -0.644881326377 -2.41895780927 1.77407648289 1.52783072019 0.952709648261
0 2 1 2 -0.330361347302 -1.68690144633 1.35654009903 1.72732937803 0.808027698672
1 1 0 1 -12.9090180919 -30.5066519269 17.597633835 0.254801521303 5.93205408355
1 2 0 2 -1.28418420217 -3.76963391459 2.48544971242 1.30487648815 1.12130817225
1 2 1 2 -0.980928415601 -3.32497037 2.3440419544 1.23399986289 1.07521839048
2 1 0 0 -14.859070377 -33.0788582194 18.2197878424 0.249355383855 6.03638936766
2 2 0 2 -2.07528396045 -5.36828031185 3.2929963514 1.15290641206 1.2849883603
2 2 1 2 -1.8628379803 -5.20816905223 3.34533107193 1.00136335143 1.29035921047
3 1 0 2 -11.2959949181 -27.7295299387 16.4335350206 0.265709972331 5.7311000998
3 2 0 1 -1.11728935402 -3.10185434567 1.98456499165 1.44105509209 1.00576702106
3 2 1 2 -0.797234201122 -2.46799361035 1.67075940923 1.47110436645 0.906164445875
4 1 0 1 -13.6881614277 -31.319113448 17.6309520203 0.254428035895 5.93773165784
4 2 0 1 -1.87844799861 -4.63234635421 2.75389835561 1.24093372482 1.17862685196
4 2 1 2 -1.59420445788 -4.24898354186 2.65477908398 1.13344205998 1.14801677145
5 1 0 0 -15.6813663981 -33.7781338563 18.0967674582 0.250040427831 6.01602736339
5 2 0 1 -2.7592030647 -6.34137676097 3.58217369627 1.10861643536 1.33933642595
5 2 1 2 -2.59580988799 -6.24672416346 3.65091427547 0.946674908459 1.34963577774
6 1 0 2 -12.0224563271 -28.5047946936 16.4823383665 0.265143279141 5.73974244055
6 2 0 0 -1.66598954814 -3.86327257659 2.19728302845 1.36826497856 1.05646947807
6 2 1 2 -1.34936583256 -3.29291971005 1.94355387749 1.32730810406 0.981392304687
7 1 0 1 -14.5652689414 -32.2472400001 17.6819710587 0.253860669798 5.94640613848
7 2 0 0 -2.54470372263 -5.55210779519 3.00740407256 1.18745683392 1.23049023963
7 2 1 2 -2.28384029937 -5.21905933884 2.93521903947 1.0615700384 1.20919424969
8 1 0 0 -16.398391551 -34.0428462312 17.6444546802 0.252850718324 5.94042858429
8 2 0 0 -3.49766670551 -7.31827115246 3.82060444696 1.07495727041 1.38272675357
8 2 1 2 -3.39974466664 -7.31691978879 3.91717512215 0.904768092356 1.39893861401
9 1 0 2 -11.2988945384 -27.7271595788 16.4282650404 0.265710211921 5.7302192299
9 2 0 2 -1.11920765902 -3.10650477093 1.98729711191 1.43950240705 1.00654664193
9 2 1 1 -0.798776671856 -2.47267312981 1.67389645795 1.4689926085 0.907106437638
10 1 0 1 -13.7621664204 -31.4296369237 17.6674705033 0.254076720452 5.94391669521
10 2 0 2 -1.90397111486 -4.70424546866 2.8002743538 1.2308278903 1.18835914234
10 2 1 1 -1.62111844943 -4.32045205402 2.69933360459 1.12145610028 1.15798808389
11 1 0 0 -15.8793366771 -34.2649495467 18.3856128696 0.248059384625 6.06381654243
11 2 0 2 -2.81290402666 -6.48838356001 3.67547953336 1.09416969215 1.3566862698
11 2 1 1 -2.63829606568 -6.32792677811 3.68963071244 0.939184236453 1.35706952322
12 1 0 2 -12.0506367998 -28.5327978364 16.4821610366 0.265076586926 5.73977011639
12 2 0 1 -1.67638399033 -3.89436793583 2.21798394551 1.36223287526 1.06130615416
12 2 1 1 -1.36017096903 -3.32578828634 1.96561731731 1.3184878455 0.987138812976
13 1 0 1 -14.6625874629 -32.3923900815 17.7298026185 0.253405259734 5.95448877022
13 2 0 1 -2.56974542735 -5.63303058625 3.06328515891 1.17801341982 1.24158859489
13 2 1 1 -2.31316752198 -5.3046997898 2.99153226782 1.0502437153 1.22094345542
14 1 0 0 -16.7858049308 -35.0649151439 18.2791102131 0.248576452461 6.04628822198
14 2 0 1 -3.55903763225 -7.50545515313 3.94641752088 1.05812173286 1.40528808016
14 2 1 1 -3.43689887931 -7.40763717566 3.97073829635 0.897526161168 1.40857915654
15 1 0 2 -12.8822805843 -29.4093762033 16.5270956189 0.264676513859 5.74762972323
15 2 0 0 -2.38704970831 -4.97407373833 2.58702403002 1.2654846314 1.14299220305
15 2 1 1 -2.07698023252 -4.3833389115 2.30635867898 1.18525972068 1.0725294449
16 1 0 1 -15.6370917794 -33.3840041566 17.7469123772 0.253320085833 5.9573429519
16 2 0 0 -3.40538637107 -6.9299967427 3.52461037164 1.10582934072 1.3293437388
16 2 1 1 -3.18612948869 -6.54481313795 3.35868364926 0.973144330937 1.2954686018
17 1 0 0 -18 -36 18 0.25 6
17 2 0 0 -4.50000000002 -8.99999999999 4.49999999998 1 1.5
17 2 1 1 -4.50000000001 -9 4.49999999999 0.833333333334 1.5
18 1 0 2 -12.0804364878 -28.5652614266 16.4848249387 0.264976909234 5.74030034008
18 2 0 2 -1.68763375217 -3.92574394204 2.23811018987 1.35606713449 1.06604482712
18 2 1 0 -1.3714632083 -3.35817919703 1.98671598873 1.30991494069 0.992626216334
19 1 0 1 -14.7586607599 -32.5468525339 17.788191774 0.252858592005 5.96433169654
19 2 0 2 -2.59823755684 -5.71291652481 3.11467896797 1.16849653561 1.25185525466
19 2 1 0 -2.3430819839 -5.38065397786 3.03757199395 1.040532233 1.23052781149
20 1 0 0 -16.893584038 -35.6033478002 18.7097637622 0.245838042169 6.11692317715
20 2 0 2 -3.60710364208 -7.62059325895 4.01348961687 1.04735913987 1.41734782066
20 2 1 0 -3.44009089359 -7.33934858611 3.89925769251 0.902757546319 1.39600639777
21 1 0 2 -12.9362036026 -29.477870196 16.5416665934 0.264405196196 5.75028664792
21 2 0 1 -2.38922360694 -4.97788906602 2.58866545908 1.26437140706 1.14350615135
21 2 1 0 -2.0808730112 -4.40234507669 2.32147206549 1.182221661 1.07596429987
22 1 0 1 -15.7508689491 -33.5822152749 17.8313463257 0.252495427478 5.97157938156
22 2 0 1 -3.41179428386 -6.93804575782 3.52625147396 1.10394327746 1.32988273954
22 2 1 0 -3.19264559831 -6.57545246294 3.38280686463 0.970413351135 1.30005194703
23 1 0 0 -18.15816533 -36.4664293765 18.3082640465 0.248059873476 6.05114928917
23 2 0 1 -4.51775047887 -9.04873833888 4.53098786001 0.996197164103 1.50515533398
23 2 1 0 -4.50105672658 -9.00559548784 4.50453876126 0.833045092705 1.50075583031
24 1 0 2 -14.1971838001 -30.3734692541 16.1762854541 0.267877662794 5.68575975777
24 2 0 0 -3.30681487267 -6.7829206641 3.47610579143 1.13583720841 1.31788767087
24 2 1 0 -3.13327087611 -6.29397600432 3.16070512821 0.996118127493 1.25707767476
25 1 0 1 -18.0000000336 -36.0000001339 18.0000001004 0.249999999533 6.00000001672
25 2 0 0 -4.50000000422 -9.00000001674 4.50000001252 0.999999999067 1.50000000209
25 2 1 0 -4.49999999999 -9 4.50000000001 0.833333333333 1.5
26 1 0 0 -24.5 -49 24.5 0.214285714286 6.99999999999
26 2 0 0 -6.12499999999 -12.25 6.12500000001 0.857142857143 1.75
26 2 1 0 -6.12500000003 -12.25 6.12499999997 0.714285714286 1.75
