0 0 0
1 1 1
2 2 2
3 3 1
4 4 2
5 5 3
6 6 2
7 7 3
8 8 4
9 9 1
10 10 2
11 11 3
12 12 2
13 13 3
14 14 4
15 15 3
16 16 4
17 17 5
18 18 2
19 19 3
20 20 4
21 21 3
22 22 4
23 23 5
24 24 4
25 25 5
26 26 6
27 27 3
28 28 4
29 29 5
30 30 4
31 31 5
32 32 6
33 33 5
34 34 6
35 35 7
36 36 4
37 37 5
38 38 6
39 39 5
40 40 6
41 41 7
42 42 6
43 43 7
44 44 8
45 45 5
46 46 6
47 47 7
48 48 6
49 49 7
50 50 8
51 51 7
52 52 8
53 53 9
54 54 6
55 55 7
56 56 8
57 57 7
58 58 8
59 59 9
60 60 8
61 61 9
62 62 10
63 63 1
64 64 2
65 65 3
66 66 2
67 67 3
68 68 4
69 69 3
70 70 4
71 71 5
72 72 2
73 73 3
74 74 4
75 75 3
76 76 4
77 77 5
78 78 4
79 79 5
80 80 6
81 81 3
82 82 4
83 83 5
84 84 4
85 85 5
86 86 6
87 87 5
88 88 6
89 89 7
90 90 4
91 91 5
92 92 6
93 93 5
94 94 6
95 95 7
96 96 6
97 97 7
98 98 8
99 99 5
100 100 6
101 101 7
102 102 6
103 103 7
104 104 8
105 105 7
106 106 8
107 107 9
108 108 6
109 109 7
110 110 8
111 111 7
112 112 8
113 113 9
114 114 8
115 115 9
116 116 10
117 117 7
118 118 8
119 119 9
120 120 8
121 121 9
122 122 10
123 123 9
124 124 10
125 125 11
126 126 2
127 127 3
128 128 4
129 129 3
130 130 4
131 131 5
132 132 4
133 133 5
134 134 6
135 135 3
136 136 4
137 137 5
138 138 4
139 139 5
140 140 6
141 141 5
142 142 6
143 143 7
144 144 4
145 145 5
146 146 6
147 147 5
148 148 6
149 149 7
150 150 6
151 151 7
152 152 8
153 153 5
154 154 6
155 155 7
156 156 6
157 157 7
158 158 8
159 159 7
160 160 8
161 161 9
162 162 6
163 163 7
164 164 8
165 165 7
166 166 8
167 167 9
168 168 8
169 169 9
170 170 10
171 171 7
172 172 8
173 173 9
174 174 8
175 175 9
176 176 10
177 177 9
178 178 10
179 179 11
180 180 8
181 181 9
182 182 10
183 183 9
184 184 10
185 185 11
186 186 10
187 187 11
188 188 12
189 189 1
190 190 2
191 191 3
192 192 2
193 193 3
194 194 4
195 195 3
196 196 4
197 197 5
198 198 2
199 199 3
200 200 4
201 201 3
202 202 4
203 203 5
204 204 4
205 205 5
206 206 6
207 207 3
208 208 4
209 209 5
210 210 4
211 211 5
212 212 6
213 213 5
214 214 6
215 215 7
216 216 4
217 217 5
218 218 6
219 219 5
220 220 6
221 221 7
222 222 6
223 223 7
224 224 8
225 225 5
226 226 6
227 227 7
228 228 6
229 229 7
230 230 8
231 231 7
232 232 8
233 233 9
234 234 6
235 235 7
236 236 8
237 237 7
238 238 8
239 239 9
240 240 8
241 241 9
242 242 10
243 243 7
244 244 8
245 245 9
246 246 8
247 247 9
248 248 10
249 249 9
250 250 10
251 251 11
252 252 2
253 253 3
254 254 4
255 255 3
256 256 4
257 257 5
258 258 4
259 259 5
260 260 6
261 261 3
262 262 4
263 263 5
264 264 4
265 265 5
266 266 6
267 267 5
268 268 6
269 269 7
270 270 4
271 271 5
272 272 6
273 273 5
274 274 6
275 275 7
276 276 6
277 277 7
278 278 8
279 279 5
280 280 6
281 281 7
282 282 6
283 283 7
284 284 8
285 285 7
286 286 8
287 287 9
288 288 6
289 289 7
290 290 8
291 291 7
292 292 8
293 293 9
294 294 8
295 295 9
296 296 10
297 297 7
298 298 8
299 299 9
300 300 8
301 301 9
302 302 10
303 303 9
304 304 10
305 305 11
306 306 8
307 307 9
308 308 10
309 309 9
310 310 10
311 311 11
312 312 10
313 313 11
314 314 12
315 315 3
316 316 4
317 317 5
318 318 4
319 319 5
320 320 6
321 321 5
322 322 6
323 323 7
324 324 4
325 325 5
326 326 6
327 327 5
328 328 6
329 329 7
330 330 6
331 331 7
332 332 8
333 333 5
334 334 6
335 335 7
336 336 6
337 337 7
338 338 8
339 339 7
340 340 8
341 341 9
342 342 6
343 343 7
344 344 8
345 345 7
346 346 8
347 347 9
348 348 8
349 349 9
350 350 10
351 351 7
352 352 8
353 353 9
354 354 8
355 355 9
356 356 10
357 357 9
358 358 10
359 359 11
360 360 8
361 361 9
362 362 10
363 363 9
364 364 10
365 365 11
366 366 10
367 367 11
368 368 12
369 369 9
370 370 10
371 371 11
372 372 10
373 373 11
374 374 12
375 375 11
376 376 12
377 377 13
378 378 2
379 379 3
380 380 4
381 381 3
382 382 4
383 383 5
384 384 4
385 385 5
386 386 6
387 387 3
388 388 4
389 389 5
390 390 4
391 391 5
392 392 6
393 393 5
394 394 6
395 395 7
396 396 4
397 397 5
398 398 6
399 399 5
400 400 6
401 401 7
402 402 6
403 403 7
404 404 8
405 405 5
406 406 6
407 407 7
408 408 6
409 409 7
410 410 8
411 411 7
412 412 8
413 413 9
414 414 6
415 415 7
416 416 8
417 417 7
418 418 8
419 419 9
420 420 8
421 421 9
422 422 10
423 423 7
424 424 8
425 425 9
426 426 8
427 427 9
428 428 10
429 429 9
430 430 10
431 431 11
432 432 8
433 433 9
434 434 10
435 435 9
436 436 10
437 437 11
438 438 10
439 439 11
440 440 12
441 441 3
442 442 4
443 443 5
444 444 4
445 445 5
446 446 6
447 447 5
448 448 6
449 449 7
450 450 4
451 451 5
452 452 6
453 453 5
454 454 6
455 455 7
456 456 6
457 457 7
458 458 8
459 459 5
460 460 6
461 461 7
462 462 6
463 463 7
464 464 8
465 465 7
466 466 8
467 467 9
468 468 6
469 469 7
470 470 8
471 471 7
472 472 8
473 473 9
474 474 8
475 475 9
476 476 10
477 477 7
478 478 8
479 479 9
480 480 8
481 481 9
482 482 10
483 483 9
484 484 10
485 485 11
486 486 8
487 487 9
488 488 10
489 489 9
490 490 10
491 491 11
492 492 10
493 493 11
494 494 12
495 495 9
496 496 10
497 497 11
498 498 10
499 499 11
500 500 12
501 501 11
502 502 12
503 503 13
504 504 4
505 505 5
506 506 6
507 507 5
508 508 6
509 509 7
510 510 6
511 511 7
512 512 8
513 513 5
514 514 6
515 515 7
516 516 6
517 517 7
518 518 8
519 519 7
520 520 8
521 521 9
522 522 6
523 523 7
524 524 8
525 525 7
526 526 8
527 527 9
528 528 8
529 529 9
530 530 10
531 531 7
532 532 8
533 533 9
534 534 8
535 535 9
536 536 10
537 537 9
538 538 10
539 539 11
540 540 8
541 541 9
542 542 10
543 543 9
544 544 10
545 545 11
546 546 10
547 547 11
548 548 12
549 549 9
550 550 10
551 551 11
552 552 10
553 553 11
554 554 12
555 555 11
556 556 12
557 557 13
558 558 10
559 559 11
560 560 12
561 561 11
562 562 12
563 563 13
564 564 12
565 565 13
566 566 14
567 567 3
568 568 4
569 569 5
570 570 4
571 571 5
572 572 6
573 573 5
574 574 6
575 575 7
576 576 4
577 577 5
578 578 6
579 579 5
580 580 6
581 581 7
582 582 6
583 583 7
584 584 8
585 585 5
586 586 6
587 587 7
588 588 6
589 589 7
590 590 8
591 591 7
592 592 8
593 593 9
594 594 6
595 595 7
596 596 8
597 597 7
598 598 8
599 599 9
600 600 8
601 601 9
602 602 10
603 603 7
604 604 8
605 605 9
606 606 8
607 607 9
608 608 10
609 609 9
610 610 10
611 611 11
612 612 8
613 613 9
614 614 10
615 615 9
616 616 10
617 617 11
618 618 10
619 619 11
620 620 12
621 621 9
622 622 10
623 623 11
624 624 10
625 625 11
626 626 12
627 627 11
628 628 12
629 629 13
630 630 4
631 631 5
632 632 6
633 633 5
634 634 6
635 635 7
636 636 6
637 637 7
638 638 8
639 639 5
640 640 6
641 641 7
642 642 6
643 643 7
644 644 8
645 645 7
646 646 8
647 647 9
648 648 6
649 649 7
650 650 8
651 651 7
652 652 8
653 653 9
654 654 8
655 655 9
656 656 10
657 657 7
658 658 8
659 659 9
660 660 8
661 661 9
662 662 10
663 663 9
664 664 10
665 665 11
666 666 8
667 667 9
668 668 10
669 669 9
670 670 10
671 671 11
672 672 10
673 673 11
674 674 12
675 675 9
676 676 10
677 677 11
678 678 10
679 679 11
680 680 12
681 681 11
682 682 12
683 683 13
684 684 10
685 685 11
686 686 12
687 687 11
688 688 12
689 689 13
690 690 12
691 691 13
692 692 14
693 693 5
694 694 6
695 695 7
696 696 6
697 697 7
698 698 8
699 699 7
700 700 8
701 701 9
702 702 6
703 703 7
704 704 8
705 705 7
706 706 8
707 707 9
708 708 8
709 709 9
710 710 10
711 711 7
712 712 8
713 713 9
714 714 8
715 715 9
716 716 10
717 717 9
718 718 10
719 719 11
720 720 8
721 721 9
722 722 10
723 723 9
724 724 10
725 725 11
726 726 10
727 727 11
728 728 12
729 729 9
730 730 10
731 731 11
732 732 10
733 733 11
734 734 12
735 735 11
736 736 12
737 737 13
738 738 10
739 739 11
740 740 12
741 741 11
742 742 12
743 743 13
744 744 12
745 745 13
746 746 14
747 747 11
748 748 12
749 749 13
750 750 12
751 751 13
752 752 14
753 753 13
754 754 14
755 755 15
756 756 4
757 757 5
758 758 6
759 759 5
760 760 6
761 761 7
762 762 6
763 763 7
764 764 8
765 765 5
766 766 6
767 767 7
768 768 6
769 769 7
770 770 8
771 771 7
772 772 8
773 773 9
774 774 6
775 775 7
776 776 8
777 777 7
778 778 8
779 779 9
780 780 8
781 781 9
782 782 10
783 783 7
784 784 8
785 785 9
786 786 8
787 787 9
788 788 10
789 789 9
790 790 10
791 791 11
792 792 8
793 793 9
794 794 10
795 795 9
796 796 10
797 797 11
798 798 10
799 799 11
800 800 12
801 801 9
802 802 10
803 803 11
804 804 10
805 805 11
806 806 12
807 807 11
808 808 12
809 809 13
810 810 10
811 811 11
812 812 12
813 813 11
814 814 12
815 815 13
816 816 12
817 817 13
818 818 14
819 819 5
820 820 6
821 821 7
822 822 6
823 823 7
824 824 8
825 825 7
826 826 8
827 827 9
828 828 6
829 829 7
830 830 8
831 831 7
832 832 8
833 833 9
834 834 8
835 835 9
836 836 10
837 837 7
838 838 8
839 839 9
840 840 8
841 841 9
842 842 10
843 843 9
844 844 10
845 845 11
846 846 8
847 847 9
848 848 10
849 849 9
850 850 10
851 851 11
852 852 10
853 853 11
854 854 12
855 855 9
856 856 10
857 857 11
858 858 10
859 859 11
860 860 12
861 861 11
862 862 12
863 863 13
864 864 10
865 865 11
866 866 12
867 867 11
868 868 12
869 869 13
870 870 12
871 871 13
872 872 14
873 873 11
874 874 12
875 875 13
876 876 12
877 877 13
878 878 14
879 879 13
880 880 14
881 881 15
882 882 6
883 883 7
884 884 8
885 885 7
886 886 8
887 887 9
888 888 8
889 889 9
890 890 10
891 891 7
892 892 8
893 893 9
894 894 8
895 895 9
896 896 10
897 897 9
898 898 10
899 899 11
900 900 8
901 901 9
902 902 10
903 903 9
904 904 10
905 905 11
906 906 10
907 907 11
908 908 12
909 909 9
910 910 10
911 911 11
912 912 10
913 913 11
914 914 12
915 915 11
916 916 12
917 917 13
918 918 10
919 919 11
920 920 12
921 921 11
922 922 12
923 923 13
924 924 12
925 925 13
926 926 14
927 927 11
928 928 12
929 929 13
930 930 12
931 931 13
932 932 14
933 933 13
934 934 14
935 935 15
936 936 12
937 937 13
938 938 14
939 939 13
940 940 14
941 941 15
942 942 14
943 943 15
944 944 16
945 945 5
946 946 6
947 947 7
948 948 6
949 949 7
950 950 8
951 951 7
952 952 8
953 953 9
954 954 6
955 955 7
956 956 8
957 957 7
958 958 8
959 959 9
960 960 8
961 961 9
962 962 10
963 963 7
964 964 8
965 965 9
966 966 8
967 967 9
968 968 10
969 969 9
970 970 10
971 971 11
972 972 8
973 973 9
974 974 10
975 975 9
976 976 10
977 977 11
978 978 10
979 979 11
980 980 12
981 981 9
982 982 10
983 983 11
984 984 10
985 985 11
986 986 12
987 987 11
988 988 12
989 989 13
990 990 10
991 991 11
992 992 12
993 993 11
994 994 12
995 995 13
996 996 12
997 997 13
998 998 14
999 999 11
1000 1000 12
1001 1001 13
1002 1002 12
1003 1003 13
1004 1004 14
1005 1005 13
1006 1006 14
1007 1007 15
1008 1008 6
1009 1009 7
1010 1010 8
1011 1011 7
1012 1012 8
1013 1013 9
1014 1014 8
1015 1015 9
1016 1016 10
1017 1017 7
1018 1018 8
1019 1019 9
1020 1020 8
1021 1021 9
1022 1022 10
1023 1023 9
1024 1024 10
1025 1025 11
1026 1026 8
1027 1027 9
1028 1028 10
1029 1029 9
1030 1030 10
1031 1031 11
1032 1032 10
1033 1033 11
1034 1034 12
1035 1035 9
1036 1036 10
1037 1037 11
1038 1038 10
1039 1039 11
1040 1040 12
1041 1041 11
1042 1042 12
1043 1043 13
1044 1044 10
1045 1045 11
1046 1046 12
1047 1047 11
1048 1048 12
1049 1049 13
1050 1050 12
1051 1051 13
1052 1052 14
1053 1053 11
1054 1054 12
1055 1055 13
1056 1056 12
1057 1057 13
1058 1058 14
1059 1059 13
1060 1060 14
1061 1061 15
1062 1062 12
1063 1063 13
1064 1064 14
1065 1065 13
1066 1066 14
1067 1067 15
1068 1068 14
1069 1069 15
1070 1070 16
1071 1071 7
1072 1072 8
1073 1073 9
1074 1074 8
1075 1075 9
1076 1076 10
1077 1077 9
1078 1078 10
1079 1079 11
1080 1080 8
1081 1081 9
1082 1082 10
1083 1083 9
1084 1084 10
1085 1085 11
1086 1086 10
1087 1087 11
1088 1088 12
1089 1089 9
1090 1090 10
1091 1091 11
1092 1092 10
1093 1093 11
1094 1094 12
1095 1095 11
1096 1096 12
1097 1097 13
1098 1098 10
1099 1099 11
1100 1100 12
1101 1101 11
1102 1102 12
1103 1103 13
1104 1104 12
1105 1105 13
1106 1106 14
1107 1107 11
1108 1108 12
1109 1109 13
1110 1110 12
1111 1111 13
1112 1112 14
1113 1113 13
1114 1114 14
1115 1115 15
1116 1116 12
1117 1117 13
1118 1118 14
1119 1119 13
1120 1120 14
1121 1121 15
1122 1122 14
1123 1123 15
1124 1124 16
1125 1125 13
1126 1126 14
1127 1127 15
1128 1128 14
1129 1129 15
1130 1130 16
1131 1131 15
1132 1132 16
1133 1133 17
1134 1134 6
1135 1135 7
1136 1136 8
1137 1137 7
1138 1138 8
1139 1139 9
1140 1140 8
1141 1141 9
1142 1142 10
1143 1143 7
1144 1144 8
1145 1145 9
1146 1146 8
1147 1147 9
1148 1148 10
1149 1149 9
1150 1150 10
1151 1151 11
1152 1152 8
1153 1153 9
1154 1154 10
1155 1155 9
1156 1156 10
1157 1157 11
1158 1158 10
1159 1159 11
1160 1160 12
1161 1161 9
1162 1162 10
1163 1163 11
1164 1164 10
1165 1165 11
1166 1166 12
1167 1167 11
1168 1168 12
1169 1169 13
1170 1170 10
1171 1171 11
1172 1172 12
1173 1173 11
1174 1174 12
1175 1175 13
1176 1176 12
1177 1177 13
1178 1178 14
1179 1179 11
1180 1180 12
1181 1181 13
1182 1182 12
1183 1183 13
1184 1184 14
1185 1185 13
1186 1186 14
1187 1187 15
1188 1188 12
1189 1189 13
1190 1190 14
1191 1191 13
1192 1192 14
1193 1193 15
1194 1194 14
1195 1195 15
1196 1196 16
1197 1197 7
1198 1198 8
1199 1199 9
1200 1200 8
1201 1201 9
1202 1202 10
1203 1203 9
1204 1204 10
1205 1205 11
1206 1206 8
1207 1207 9
1208 1208 10
1209 1209 9
1210 1210 10
1211 1211 11
1212 1212 10
1213 1213 11
1214 1214 12
1215 1215 9
1216 1216 10
1217 1217 11
1218 1218 10
1219 1219 11
1220 1220 12
1221 1221 11
1222 1222 12
1223 1223 13
1224 1224 10
1225 1225 11
1226 1226 12
1227 1227 11
1228 1228 12
1229 1229 13
1230 1230 12
1231 1231 13
1232 1232 14
1233 1233 11
1234 1234 12
1235 1235 13
1236 1236 12
1237 1237 13
1238 1238 14
1239 1239 13
1240 1240 14
1241 1241 15
1242 1242 12
1243 1243 13
1244 1244 14
1245 1245 13
1246 1246 14
1247 1247 15
1248 1248 14
1249 1249 15
1250 1250 16
1251 1251 13
1252 1252 14
1253 1253 15
1254 1254 14
1255 1255 15
1256 1256 16
1257 1257 15
1258 1258 16
1259 1259 17
1260 1260 8
1261 1261 9
1262 1262 10
1263 1263 9
1264 1264 10
1265 1265 11
1266 1266 10
1267 1267 11
1268 1268 12
1269 1269 9
1270 1270 10
1271 1271 11
1272 1272 10
1273 1273 11
1274 1274 12
1275 1275 11
1276 1276 12
1277 1277 13
1278 1278 10
1279 1279 11
1280 1280 12
1281 1281 11
1282 1282 12
1283 1283 13
1284 1284 12
1285 1285 13
1286 1286 14
1287 1287 11
1288 1288 12
1289 1289 13
1290 1290 12
1291 1291 13
1292 1292 14
1293 1293 13
1294 1294 14
1295 1295 15
1296 1296 12
1297 1297 13
1298 1298 14
1299 1299 13
1300 1300 14
1301 1301 15
1302 1302 14
1303 1303 15
1304 1304 16
1305 1305 13
1306 1306 14
1307 1307 15
1308 1308 14
1309 1309 15
1310 1310 16
1311 1311 15
1312 1312 16
1313 1313 17
1314 1314 14
1315 1315 15
1316 1316 16
1317 1317 15
1318 1318 16
1319 1319 17
1320 1320 16
1321 1321 17
1322 1322 18
