0 189 4
0 63 3
0 9 2
0 3 1
0 1 0
1 190 4
1 64 3
1 10 2
1 4 1
1 2 0
2 191 4
2 65 3
2 11 2
2 5 1
3 192 4
3 66 3
3 12 2
3 6 1
3 4 0
4 193 4
4 67 3
4 7 1
4 13 2
4 5 0
5 194 4
5 68 3
5 8 1
5 14 2
6 195 4
6 69 3
6 15 2
6 7 0
7 196 4
7 70 3
7 16 2
7 8 0
8 197 4
8 71 3
8 17 2
9 198 4
9 72 3
9 18 2
9 12 1
9 10 0
10 199 4
10 73 3
10 19 2
10 13 1
10 11 0
11 200 4
11 74 3
11 20 2
11 14 1
12 201 4
12 75 3
12 21 2
12 15 1
12 13 0
13 202 4
13 76 3
13 22 2
13 16 1
13 14 0
14 203 4
14 77 3
14 23 2
14 17 1
15 204 4
15 78 3
15 24 2
15 16 0
16 205 4
16 79 3
16 25 2
16 17 0
17 206 4
17 80 3
17 26 2
18 207 4
18 81 3
18 27 2
18 21 1
18 19 0
19 208 4
19 82 3
19 28 2
19 22 1
19 20 0
20 209 4
20 83 3
20 29 2
20 23 1
21 210 4
21 84 3
21 30 2
21 24 1
21 22 0
22 211 4
22 85 3
22 31 2
22 25 1
22 23 0
23 212 4
23 86 3
23 32 2
23 26 1
24 213 4
24 87 3
24 33 2
24 25 0
25 214 4
25 88 3
25 34 2
25 26 0
26 215 4
26 89 3
26 35 2
27 216 4
27 90 3
27 36 2
27 30 1
27 28 0
28 217 4
28 91 3
28 37 2
28 31 1
28 29 0
29 218 4
29 92 3
29 38 2
29 32 1
30 219 4
30 93 3
30 39 2
30 33 1
30 31 0
31 220 4
31 94 3
31 40 2
31 34 1
31 32 0
32 221 4
32 95 3
32 41 2
32 35 1
33 222 4
33 96 3
33 42 2
33 34 0
34 223 4
34 97 3
34 43 2
34 35 0
35 224 4
35 98 3
35 44 2
36 225 4
36 45 2
36 99 3
36 39 1
36 37 0
37 226 4
37 100 3
37 46 2
37 40 1
37 38 0
38 227 4
38 101 3
38 47 2
38 41 1
39 228 4
39 48 2
39 102 3
39 42 1
39 40 0
40 229 4
40 49 2
40 103 3
40 43 1
40 41 0
41 230 4
41 104 3
41 50 2
41 44 1
42 231 4
42 51 2
42 105 3
42 43 0
43 232 4
43 52 2
43 106 3
43 44 0
44 233 4
44 53 2
44 107 3
45 54 2
45 234 4
45 108 3
45 48 1
45 46 0
46 55 2
46 235 4
46 109 3
46 49 1
46 47 0
47 56 2
47 236 4
47 110 3
47 50 1
48 57 2
48 237 4
48 111 3
48 51 1
48 49 0
49 58 2
49 238 4
49 112 3
49 52 1
49 50 0
50 59 2
50 239 4
50 113 3
50 53 1
51 60 2
51 240 4
51 114 3
51 52 0
52 61 2
52 241 4
52 115 3
52 53 0
53 62 2
53 242 4
53 116 3
54 243 4
54 117 3
54 57 1
54 55 0
55 244 4
55 118 3
55 58 1
55 56 0
56 245 4
56 119 3
56 59 1
57 246 4
57 120 3
57 60 1
57 58 0
58 247 4
58 121 3
58 61 1
58 59 0
59 248 4
59 122 3
59 62 1
60 249 4
60 123 3
60 61 0
61 250 4
61 124 3
61 62 0
62 251 4
62 125 3
63 252 4
63 126 3
63 72 2
63 66 1
63 64 0
64 253 4
64 127 3
64 73 2
64 67 1
64 65 0
65 128 3
65 254 4
65 74 2
65 68 1
66 255 4
66 129 3
66 75 2
66 69 1
66 67 0
67 256 4
67 130 3
67 70 1
67 76 2
67 68 0
68 131 3
68 257 4
68 71 1
68 77 2
69 258 4
69 132 3
69 78 2
69 70 0
70 133 3
70 259 4
70 79 2
70 71 0
71 134 3
71 260 4
71 80 2
72 261 4
72 135 3
72 81 2
72 75 1
72 73 0
73 262 4
73 136 3
73 82 2
73 76 1
73 74 0
74 137 3
74 263 4
74 83 2
74 77 1
75 264 4
75 138 3
75 84 2
75 78 1
75 76 0
76 139 3
76 265 4
76 85 2
76 79 1
76 77 0
77 140 3
77 266 4
77 86 2
77 80 1
78 267 4
78 141 3
78 87 2
78 79 0
79 142 3
79 268 4
79 88 2
79 80 0
80 143 3
80 269 4
80 89 2
81 270 4
81 144 3
81 90 2
81 84 1
81 82 0
82 145 3
82 271 4
82 91 2
82 85 1
82 83 0
83 146 3
83 272 4
83 92 2
83 86 1
84 273 4
84 147 3
84 93 2
84 87 1
84 85 0
85 148 3
85 274 4
85 94 2
85 88 1
85 86 0
86 149 3
86 275 4
86 95 2
86 89 1
87 276 4
87 150 3
87 96 2
87 88 0
88 151 3
88 277 4
88 97 2
88 89 0
89 152 3
89 278 4
89 98 2
90 279 4
90 153 3
90 99 2
90 93 1
90 91 0
91 154 3
91 280 4
91 100 2
91 94 1
91 92 0
92 155 3
92 281 4
92 101 2
92 95 1
93 282 4
93 156 3
93 102 2
93 96 1
93 94 0
94 157 3
94 283 4
94 103 2
94 97 1
94 95 0
95 158 3
95 284 4
95 104 2
95 98 1
96 159 3
96 285 4
96 105 2
96 97 0
97 160 3
97 286 4
97 106 2
97 98 0
98 161 3
98 287 4
98 107 2
99 288 4
99 162 3
99 108 2
99 102 1
99 100 0
100 163 3
100 289 4
100 109 2
100 103 1
100 101 0
101 164 3
101 290 4
101 110 2
101 104 1
102 165 3
102 291 4
102 111 2
102 105 1
102 103 0
103 166 3
103 292 4
103 112 2
103 106 1
103 104 0
104 167 3
104 293 4
104 113 2
104 107 1
105 168 3
105 294 4
105 114 2
105 106 0
106 169 3
106 295 4
106 115 2
106 107 0
107 170 3
107 296 4
107 116 2
108 117 2
108 171 3
108 297 4
108 111 1
108 109 0
109 118 2
109 172 3
109 298 4
109 112 1
109 110 0
110 119 2
110 173 3
110 299 4
110 113 1
111 120 2
111 174 3
111 300 4
111 114 1
111 112 0
112 121 2
112 175 3
112 301 4
112 115 1
112 113 0
113 122 2
113 176 3
113 302 4
113 116 1
114 123 2
114 177 3
114 303 4
114 115 0
115 124 2
115 178 3
115 304 4
115 116 0
116 125 2
116 179 3
116 305 4
117 180 3
117 306 4
117 120 1
117 118 0
118 181 3
118 307 4
118 121 1
118 119 0
119 182 3
119 308 4
119 122 1
120 183 3
120 309 4
120 123 1
120 121 0
121 184 3
121 310 4
121 124 1
121 122 0
122 185 3
122 311 4
122 125 1
123 186 3
123 312 4
123 124 0
124 187 3
124 313 4
124 125 0
125 188 3
125 314 4
126 315 4
126 135 2
126 129 1
126 127 0
127 316 4
127 136 2
127 130 1
127 128 0
128 317 4
128 137 2
128 131 1
129 318 4
129 138 2
129 132 1
129 130 0
130 319 4
130 133 1
130 139 2
130 131 0
131 320 4
131 134 1
131 140 2
132 321 4
132 141 2
132 133 0
133 322 4
133 142 2
133 134 0
134 323 4
134 143 2
135 324 4
135 144 2
135 138 1
135 136 0
136 325 4
136 145 2
136 139 1
136 137 0
137 326 4
137 146 2
137 140 1
138 327 4
138 147 2
138 141 1
138 139 0
139 328 4
139 148 2
139 142 1
139 140 0
140 329 4
140 149 2
140 143 1
141 330 4
141 150 2
141 142 0
142 331 4
142 151 2
142 143 0
143 332 4
143 152 2
144 333 4
144 153 2
144 147 1
144 145 0
145 334 4
145 154 2
145 148 1
145 146 0
146 335 4
146 155 2
146 149 1
147 336 4
147 156 2
147 150 1
147 148 0
148 337 4
148 157 2
148 151 1
148 149 0
149 338 4
149 158 2
149 152 1
150 339 4
150 159 2
150 151 0
151 340 4
151 160 2
151 152 0
152 341 4
152 161 2
153 342 4
153 162 2
153 156 1
153 154 0
154 343 4
154 163 2
154 157 1
154 155 0
155 344 4
155 164 2
155 158 1
156 345 4
156 165 2
156 159 1
156 157 0
157 346 4
157 166 2
157 160 1
157 158 0
158 347 4
158 167 2
158 161 1
159 348 4
159 168 2
159 160 0
160 349 4
160 169 2
160 161 0
161 350 4
161 170 2
162 351 4
162 171 2
162 165 1
162 163 0
163 352 4
163 172 2
163 166 1
163 164 0
164 353 4
164 173 2
164 167 1
165 354 4
165 174 2
165 168 1
165 166 0
166 355 4
166 175 2
166 169 1
166 167 0
167 356 4
167 176 2
167 170 1
168 357 4
168 177 2
168 169 0
169 358 4
169 178 2
169 170 0
170 359 4
170 179 2
171 180 2
171 360 4
171 174 1
171 172 0
172 181 2
172 361 4
172 175 1
172 173 0
173 182 2
173 362 4
173 176 1
174 183 2
174 363 4
174 177 1
174 175 0
175 184 2
175 364 4
175 178 1
175 176 0
176 185 2
176 365 4
176 179 1
177 186 2
177 366 4
177 178 0
178 187 2
178 367 4
178 179 0
179 188 2
179 368 4
180 369 4
180 183 1
180 181 0
181 370 4
181 184 1
181 182 0
182 371 4
182 185 1
183 372 4
183 186 1
183 184 0
184 373 4
184 187 1
184 185 0
185 374 4
185 188 1
186 375 4
186 187 0
187 376 4
187 188 0
188 377 4
189 378 4
189 252 3
189 198 2
189 192 1
189 190 0
190 379 4
190 253 3
190 199 2
190 193 1
190 191 0
191 380 4
191 254 3
191 200 2
191 194 1
192 381 4
192 255 3
192 201 2
192 195 1
192 193 0
193 382 4
193 256 3
193 196 1
193 202 2
193 194 0
194 383 4
194 257 3
194 197 1
194 203 2
195 384 4
195 258 3
195 204 2
195 196 0
196 385 4
196 259 3
196 205 2
196 197 0
197 386 4
197 260 3
197 206 2
198 387 4
198 261 3
198 207 2
198 201 1
198 199 0
199 388 4
199 262 3
199 208 2
199 202 1
199 200 0
200 389 4
200 263 3
200 209 2
200 203 1
201 390 4
201 264 3
201 210 2
201 204 1
201 202 0
202 391 4
202 265 3
202 211 2
202 205 1
202 203 0
203 392 4
203 266 3
203 212 2
203 206 1
204 393 4
204 267 3
204 213 2
204 205 0
205 394 4
205 268 3
205 214 2
205 206 0
206 395 4
206 269 3
206 215 2
207 396 4
207 270 3
207 216 2
207 210 1
207 208 0
208 397 4
208 271 3
208 217 2
208 211 1
208 209 0
209 398 4
209 272 3
209 218 2
209 212 1
210 399 4
210 273 3
210 219 2
210 213 1
210 211 0
211 400 4
211 274 3
211 220 2
211 214 1
211 212 0
212 401 4
212 275 3
212 221 2
212 215 1
213 402 4
213 276 3
213 222 2
213 214 0
214 403 4
214 277 3
214 223 2
214 215 0
215 404 4
215 278 3
215 224 2
216 405 4
216 279 3
216 225 2
216 219 1
216 217 0
217 406 4
217 280 3
217 226 2
217 220 1
217 218 0
218 407 4
218 281 3
218 227 2
218 221 1
219 408 4
219 282 3
219 228 2
219 222 1
219 220 0
220 409 4
220 283 3
220 229 2
220 223 1
220 221 0
221 410 4
221 284 3
221 230 2
221 224 1
222 411 4
222 285 3
222 231 2
222 223 0
223 412 4
223 286 3
223 232 2
223 224 0
224 413 4
224 287 3
224 233 2
225 414 4
225 234 2
225 288 3
225 228 1
225 226 0
226 415 4
226 235 2
226 289 3
226 229 1
226 227 0
227 416 4
227 290 3
227 236 2
227 230 1
228 417 4
228 237 2
228 291 3
228 231 1
228 229 0
229 418 4
229 238 2
229 292 3
229 232 1
229 230 0
230 419 4
230 239 2
230 293 3
230 233 1
231 420 4
231 240 2
231 294 3
231 232 0
232 421 4
232 241 2
232 295 3
232 233 0
233 422 4
233 242 2
233 296 3
234 423 4
234 243 2
234 297 3
234 237 1
234 235 0
235 244 2
235 424 4
235 298 3
235 238 1
235 236 0
236 245 2
236 425 4
236 299 3
236 239 1
237 246 2
237 426 4
237 300 3
237 240 1
237 238 0
238 247 2
238 427 4
238 301 3
238 241 1
238 239 0
239 248 2
239 428 4
239 302 3
239 242 1
240 249 2
240 429 4
240 303 3
240 241 0
241 250 2
241 430 4
241 304 3
241 242 0
242 251 2
242 431 4
242 305 3
243 432 4
243 306 3
243 246 1
243 244 0
244 433 4
244 307 3
244 247 1
244 245 0
245 434 4
245 308 3
245 248 1
246 435 4
246 309 3
246 249 1
246 247 0
247 436 4
247 310 3
247 250 1
247 248 0
248 437 4
248 311 3
248 251 1
249 438 4
249 312 3
249 250 0
250 439 4
250 313 3
250 251 0
251 440 4
251 314 3
252 441 4
252 315 3
252 261 2
252 255 1
252 253 0
253 442 4
253 316 3
253 262 2
253 256 1
253 254 0
254 443 4
254 317 3
254 263 2
254 257 1
255 444 4
255 318 3
255 264 2
255 258 1
255 256 0
256 445 4
256 319 3
256 259 1
256 265 2
256 257 0
257 446 4
257 320 3
257 260 1
257 266 2
258 447 4
258 321 3
258 267 2
258 259 0
259 448 4
259 322 3
259 268 2
259 260 0
260 449 4
260 323 3
260 269 2
261 450 4
261 324 3
261 270 2
261 264 1
261 262 0
262 451 4
262 325 3
262 271 2
262 265 1
262 263 0
263 452 4
263 326 3
263 272 2
263 266 1
264 453 4
264 327 3
264 273 2
264 267 1
264 265 0
265 454 4
265 328 3
265 274 2
265 268 1
265 266 0
266 455 4
266 329 3
266 275 2
266 269 1
267 456 4
267 330 3
267 276 2
267 268 0
268 457 4
268 331 3
268 277 2
268 269 0
269 458 4
269 332 3
269 278 2
270 459 4
270 333 3
270 279 2
270 273 1
270 271 0
271 460 4
271 334 3
271 280 2
271 274 1
271 272 0
272 461 4
272 335 3
272 281 2
272 275 1
273 462 4
273 336 3
273 282 2
273 276 1
273 274 0
274 463 4
274 337 3
274 283 2
274 277 1
274 275 0
275 464 4
275 338 3
275 284 2
275 278 1
276 465 4
276 339 3
276 285 2
276 277 0
277 466 4
277 340 3
277 286 2
277 278 0
278 341 3
278 467 4
278 287 2
279 468 4
279 342 3
279 288 2
279 282 1
279 280 0
280 469 4
280 343 3
280 289 2
280 283 1
280 281 0
281 470 4
281 344 3
281 290 2
281 284 1
282 471 4
282 345 3
282 291 2
282 285 1
282 283 0
283 472 4
283 346 3
283 292 2
283 286 1
283 284 0
284 473 4
284 347 3
284 293 2
284 287 1
285 474 4
285 348 3
285 294 2
285 286 0
286 475 4
286 349 3
286 295 2
286 287 0
287 350 3
287 476 4
287 296 2
288 477 4
288 351 3
288 297 2
288 291 1
288 289 0
289 478 4
289 352 3
289 298 2
289 292 1
289 290 0
290 479 4
290 353 3
290 299 2
290 293 1
291 480 4
291 354 3
291 300 2
291 294 1
291 292 0
292 481 4
292 355 3
292 301 2
292 295 1
292 293 0
293 356 3
293 482 4
293 302 2
293 296 1
294 483 4
294 357 3
294 303 2
294 295 0
295 484 4
295 358 3
295 304 2
295 296 0
296 359 3
296 485 4
296 305 2
297 306 2
297 486 4
297 360 3
297 300 1
297 298 0
298 307 2
298 487 4
298 361 3
298 301 1
298 299 0
299 308 2
299 362 3
299 488 4
299 302 1
300 309 2
300 489 4
300 363 3
300 303 1
300 301 0
301 310 2
301 490 4
301 364 3
301 304 1
301 302 0
302 311 2
302 365 3
302 491 4
302 305 1
303 312 2
303 492 4
303 366 3
303 304 0
304 313 2
304 493 4
304 367 3
304 305 0
305 314 2
305 368 3
305 494 4
306 495 4
306 369 3
306 309 1
306 307 0
307 496 4
307 370 3
307 310 1
307 308 0
308 371 3
308 497 4
308 311 1
309 498 4
309 372 3
309 312 1
309 310 0
310 373 3
310 499 4
310 313 1
310 311 0
311 374 3
311 500 4
311 314 1
312 501 4
312 375 3
312 313 0
313 376 3
313 502 4
313 314 0
314 377 3
314 503 4
315 504 4
315 324 2
315 318 1
315 316 0
316 505 4
316 325 2
316 319 1
316 317 0
317 506 4
317 326 2
317 320 1
318 507 4
318 327 2
318 321 1
318 319 0
319 508 4
319 322 1
319 328 2
319 320 0
320 509 4
320 323 1
320 329 2
321 510 4
321 330 2
321 322 0
322 511 4
322 331 2
322 323 0
323 512 4
323 332 2
324 513 4
324 333 2
324 327 1
324 325 0
325 514 4
325 334 2
325 328 1
325 326 0
326 515 4
326 335 2
326 329 1
327 516 4
327 336 2
327 330 1
327 328 0
328 517 4
328 337 2
328 331 1
328 329 0
329 518 4
329 338 2
329 332 1
330 519 4
330 339 2
330 331 0
331 520 4
331 340 2
331 332 0
332 521 4
332 341 2
333 522 4
333 342 2
333 336 1
333 334 0
334 523 4
334 343 2
334 337 1
334 335 0
335 524 4
335 344 2
335 338 1
336 525 4
336 345 2
336 339 1
336 337 0
337 526 4
337 346 2
337 340 1
337 338 0
338 527 4
338 347 2
338 341 1
339 528 4
339 348 2
339 340 0
340 529 4
340 349 2
340 341 0
341 530 4
341 350 2
342 531 4
342 351 2
342 345 1
342 343 0
343 532 4
343 352 2
343 346 1
343 344 0
344 533 4
344 353 2
344 347 1
345 534 4
345 354 2
345 348 1
345 346 0
346 535 4
346 355 2
346 349 1
346 347 0
347 536 4
347 356 2
347 350 1
348 537 4
348 357 2
348 349 0
349 538 4
349 358 2
349 350 0
350 539 4
350 359 2
351 540 4
351 360 2
351 354 1
351 352 0
352 541 4
352 361 2
352 355 1
352 353 0
353 542 4
353 362 2
353 356 1
354 543 4
354 363 2
354 357 1
354 355 0
355 544 4
355 364 2
355 358 1
355 356 0
356 545 4
356 365 2
356 359 1
357 546 4
357 366 2
357 358 0
358 547 4
358 367 2
358 359 0
359 548 4
359 368 2
360 369 2
360 549 4
360 363 1
360 361 0
361 370 2
361 550 4
361 364 1
361 362 0
362 371 2
362 551 4
362 365 1
363 372 2
363 552 4
363 366 1
363 364 0
364 373 2
364 553 4
364 367 1
364 365 0
365 374 2
365 554 4
365 368 1
366 375 2
366 555 4
366 367 0
367 376 2
367 556 4
367 368 0
368 377 2
368 557 4
369 558 4
369 372 1
369 370 0
370 559 4
370 373 1
370 371 0
371 560 4
371 374 1
372 561 4
372 375 1
372 373 0
373 562 4
373 376 1
373 374 0
374 563 4
374 377 1
375 564 4
375 376 0
376 565 4
376 377 0
377 566 4
378 567 4
378 441 3
378 387 2
378 381 1
378 379 0
379 568 4
379 442 3
379 388 2
379 382 1
379 380 0
380 569 4
380 443 3
380 389 2
380 383 1
381 570 4
381 444 3
381 390 2
381 384 1
381 382 0
382 571 4
382 445 3
382 385 1
382 391 2
382 383 0
383 572 4
383 446 3
383 386 1
383 392 2
384 573 4
384 447 3
384 393 2
384 385 0
385 574 4
385 448 3
385 394 2
385 386 0
386 575 4
386 449 3
386 395 2
387 576 4
387 450 3
387 396 2
387 390 1
387 388 0
388 577 4
388 451 3
388 397 2
388 391 1
388 389 0
389 578 4
389 452 3
389 398 2
389 392 1
390 579 4
390 453 3
390 399 2
390 393 1
390 391 0
391 580 4
391 454 3
391 400 2
391 394 1
391 392 0
392 581 4
392 455 3
392 401 2
392 395 1
393 582 4
393 456 3
393 402 2
393 394 0
394 583 4
394 457 3
394 403 2
394 395 0
395 584 4
395 458 3
395 404 2
396 585 4
396 459 3
396 405 2
396 399 1
396 397 0
397 586 4
397 460 3
397 406 2
397 400 1
397 398 0
398 587 4
398 461 3
398 407 2
398 401 1
399 588 4
399 462 3
399 408 2
399 402 1
399 400 0
400 589 4
400 463 3
400 409 2
400 403 1
400 401 0
401 590 4
401 464 3
401 410 2
401 404 1
402 591 4
402 465 3
402 411 2
402 403 0
403 592 4
403 466 3
403 412 2
403 404 0
404 593 4
404 467 3
404 413 2
405 594 4
405 468 3
405 414 2
405 408 1
405 406 0
406 595 4
406 469 3
406 415 2
406 409 1
406 407 0
407 596 4
407 470 3
407 416 2
407 410 1
408 597 4
408 471 3
408 417 2
408 411 1
408 409 0
409 598 4
409 472 3
409 418 2
409 412 1
409 410 0
410 599 4
410 473 3
410 419 2
410 413 1
411 600 4
411 474 3
411 420 2
411 412 0
412 601 4
412 475 3
412 421 2
412 413 0
413 602 4
413 476 3
413 422 2
414 603 4
414 423 2
414 477 3
414 417 1
414 415 0
415 604 4
415 424 2
415 478 3
415 418 1
415 416 0
416 605 4
416 425 2
416 479 3
416 419 1
417 606 4
417 426 2
417 480 3
417 420 1
417 418 0
418 607 4
418 427 2
418 481 3
418 421 1
418 419 0
419 608 4
419 428 2
419 482 3
419 422 1
420 609 4
420 429 2
420 483 3
420 421 0
421 610 4
421 430 2
421 484 3
421 422 0
422 611 4
422 431 2
422 485 3
423 612 4
423 432 2
423 486 3
423 426 1
423 424 0
424 613 4
424 433 2
424 487 3
424 427 1
424 425 0
425 614 4
425 434 2
425 488 3
425 428 1
426 615 4
426 435 2
426 489 3
426 429 1
426 427 0
427 616 4
427 436 2
427 490 3
427 430 1
427 428 0
428 617 4
428 437 2
428 491 3
428 431 1
429 618 4
429 438 2
429 492 3
429 430 0
430 619 4
430 439 2
430 493 3
430 431 0
431 620 4
431 440 2
431 494 3
432 621 4
432 495 3
432 435 1
432 433 0
433 622 4
433 496 3
433 436 1
433 434 0
434 623 4
434 497 3
434 437 1
435 624 4
435 498 3
435 438 1
435 436 0
436 625 4
436 499 3
436 439 1
436 437 0
437 626 4
437 500 3
437 440 1
438 627 4
438 501 3
438 439 0
439 628 4
439 502 3
439 440 0
440 629 4
440 503 3
441 630 4
441 504 3
441 450 2
441 444 1
441 442 0
442 631 4
442 505 3
442 451 2
442 445 1
442 443 0
443 632 4
443 506 3
443 452 2
443 446 1
444 633 4
444 507 3
444 453 2
444 447 1
444 445 0
445 634 4
445 508 3
445 448 1
445 454 2
445 446 0
446 635 4
446 509 3
446 449 1
446 455 2
447 636 4
447 510 3
447 456 2
447 448 0
448 637 4
448 511 3
448 457 2
448 449 0
449 638 4
449 512 3
449 458 2
450 639 4
450 513 3
450 459 2
450 453 1
450 451 0
451 640 4
451 514 3
451 460 2
451 454 1
451 452 0
452 641 4
452 515 3
452 461 2
452 455 1
453 642 4
453 516 3
453 462 2
453 456 1
453 454 0
454 643 4
454 517 3
454 463 2
454 457 1
454 455 0
455 644 4
455 518 3
455 464 2
455 458 1
456 645 4
456 519 3
456 465 2
456 457 0
457 646 4
457 520 3
457 466 2
457 458 0
458 647 4
458 521 3
458 467 2
459 648 4
459 522 3
459 468 2
459 462 1
459 460 0
460 649 4
460 523 3
460 469 2
460 463 1
460 461 0
461 650 4
461 524 3
461 470 2
461 464 1
462 651 4
462 525 3
462 471 2
462 465 1
462 463 0
463 652 4
463 526 3
463 472 2
463 466 1
463 464 0
464 653 4
464 527 3
464 473 2
464 467 1
465 654 4
465 528 3
465 474 2
465 466 0
466 655 4
466 529 3
466 475 2
466 467 0
467 656 4
467 530 3
467 476 2
468 657 4
468 531 3
468 477 2
468 471 1
468 469 0
469 658 4
469 532 3
469 478 2
469 472 1
469 470 0
470 659 4
470 533 3
470 479 2
470 473 1
471 660 4
471 534 3
471 480 2
471 474 1
471 472 0
472 661 4
472 535 3
472 481 2
472 475 1
472 473 0
473 662 4
473 536 3
473 482 2
473 476 1
474 663 4
474 537 3
474 483 2
474 475 0
475 664 4
475 538 3
475 484 2
475 476 0
476 665 4
476 539 3
476 485 2
477 666 4
477 540 3
477 486 2
477 480 1
477 478 0
478 667 4
478 541 3
478 487 2
478 481 1
478 479 0
479 668 4
479 542 3
479 488 2
479 482 1
480 669 4
480 543 3
480 489 2
480 483 1
480 481 0
481 670 4
481 544 3
481 490 2
481 484 1
481 482 0
482 671 4
482 545 3
482 491 2
482 485 1
483 672 4
483 546 3
483 492 2
483 484 0
484 673 4
484 547 3
484 493 2
484 485 0
485 674 4
485 548 3
485 494 2
486 675 4
486 495 2
486 549 3
486 489 1
486 487 0
487 676 4
487 496 2
487 550 3
487 490 1
487 488 0
488 677 4
488 497 2
488 551 3
488 491 1
489 678 4
489 498 2
489 552 3
489 492 1
489 490 0
490 679 4
490 499 2
490 553 3
490 493 1
490 491 0
491 680 4
491 500 2
491 554 3
491 494 1
492 681 4
492 501 2
492 555 3
492 493 0
493 682 4
493 502 2
493 556 3
493 494 0
494 503 2
494 683 4
494 557 3
495 684 4
495 558 3
495 498 1
495 496 0
496 685 4
496 559 3
496 499 1
496 497 0
497 686 4
497 560 3
497 500 1
498 687 4
498 561 3
498 501 1
498 499 0
499 688 4
499 562 3
499 502 1
499 500 0
500 689 4
500 563 3
500 503 1
501 690 4
501 564 3
501 502 0
502 691 4
502 565 3
502 503 0
503 692 4
503 566 3
504 693 4
504 513 2
504 507 1
504 505 0
505 694 4
505 514 2
505 508 1
505 506 0
506 695 4
506 515 2
506 509 1
507 696 4
507 516 2
507 510 1
507 508 0
508 697 4
508 511 1
508 517 2
508 509 0
509 698 4
509 512 1
509 518 2
510 699 4
510 519 2
510 511 0
511 700 4
511 520 2
511 512 0
512 701 4
512 521 2
513 702 4
513 522 2
513 516 1
513 514 0
514 703 4
514 523 2
514 517 1
514 515 0
515 704 4
515 524 2
515 518 1
516 705 4
516 525 2
516 519 1
516 517 0
517 706 4
517 526 2
517 520 1
517 518 0
518 707 4
518 527 2
518 521 1
519 708 4
519 528 2
519 520 0
520 709 4
520 529 2
520 521 0
521 710 4
521 530 2
522 711 4
522 531 2
522 525 1
522 523 0
523 712 4
523 532 2
523 526 1
523 524 0
524 713 4
524 533 2
524 527 1
525 714 4
525 534 2
525 528 1
525 526 0
526 715 4
526 535 2
526 529 1
526 527 0
527 716 4
527 536 2
527 530 1
528 717 4
528 537 2
528 529 0
529 718 4
529 538 2
529 530 0
530 719 4
530 539 2
531 720 4
531 540 2
531 534 1
531 532 0
532 721 4
532 541 2
532 535 1
532 533 0
533 722 4
533 542 2
533 536 1
534 723 4
534 543 2
534 537 1
534 535 0
535 724 4
535 544 2
535 538 1
535 536 0
536 725 4
536 545 2
536 539 1
537 726 4
537 546 2
537 538 0
538 727 4
538 547 2
538 539 0
539 728 4
539 548 2
540 729 4
540 549 2
540 543 1
540 541 0
541 730 4
541 550 2
541 544 1
541 542 0
542 731 4
542 551 2
542 545 1
543 732 4
543 552 2
543 546 1
543 544 0
544 733 4
544 553 2
544 547 1
544 545 0
545 734 4
545 554 2
545 548 1
546 735 4
546 555 2
546 547 0
547 736 4
547 556 2
547 548 0
548 737 4
548 557 2
549 738 4
549 558 2
549 552 1
549 550 0
550 739 4
550 559 2
550 553 1
550 551 0
551 740 4
551 560 2
551 554 1
552 741 4
552 561 2
552 555 1
552 553 0
553 742 4
553 562 2
553 556 1
553 554 0
554 743 4
554 563 2
554 557 1
555 564 2
555 744 4
555 556 0
556 565 2
556 745 4
556 557 0
557 566 2
557 746 4
558 747 4
558 561 1
558 559 0
559 748 4
559 562 1
559 560 0
560 749 4
560 563 1
561 750 4
561 564 1
561 562 0
562 751 4
562 565 1
562 563 0
563 752 4
563 566 1
564 753 4
564 565 0
565 754 4
565 566 0
566 755 4
567 756 4
567 630 3
567 576 2
567 570 1
567 568 0
568 757 4
568 631 3
568 577 2
568 571 1
568 569 0
569 758 4
569 632 3
569 578 2
569 572 1
570 759 4
570 633 3
570 579 2
570 573 1
570 571 0
571 760 4
571 634 3
571 574 1
571 580 2
571 572 0
572 761 4
572 635 3
572 575 1
572 581 2
573 762 4
573 636 3
573 582 2
573 574 0
574 763 4
574 637 3
574 583 2
574 575 0
575 764 4
575 638 3
575 584 2
576 765 4
576 639 3
576 585 2
576 579 1
576 577 0
577 766 4
577 640 3
577 586 2
577 580 1
577 578 0
578 767 4
578 641 3
578 587 2
578 581 1
579 768 4
579 642 3
579 588 2
579 582 1
579 580 0
580 769 4
580 643 3
580 589 2
580 583 1
580 581 0
581 770 4
581 644 3
581 590 2
581 584 1
582 771 4
582 645 3
582 591 2
582 583 0
583 772 4
583 646 3
583 592 2
583 584 0
584 773 4
584 647 3
584 593 2
585 774 4
585 648 3
585 594 2
585 588 1
585 586 0
586 775 4
586 649 3
586 595 2
586 589 1
586 587 0
587 776 4
587 650 3
587 596 2
587 590 1
588 777 4
588 651 3
588 597 2
588 591 1
588 589 0
589 778 4
589 652 3
589 598 2
589 592 1
589 590 0
590 779 4
590 653 3
590 599 2
590 593 1
591 780 4
591 654 3
591 600 2
591 592 0
592 781 4
592 655 3
592 601 2
592 593 0
593 782 4
593 656 3
593 602 2
594 783 4
594 657 3
594 603 2
594 597 1
594 595 0
595 784 4
595 658 3
595 604 2
595 598 1
595 596 0
596 785 4
596 659 3
596 605 2
596 599 1
597 786 4
597 660 3
597 606 2
597 600 1
597 598 0
598 787 4
598 661 3
598 607 2
598 601 1
598 599 0
599 788 4
599 662 3
599 608 2
599 602 1
600 789 4
600 663 3
600 609 2
600 601 0
601 790 4
601 664 3
601 610 2
601 602 0
602 791 4
602 665 3
602 611 2
603 792 4
603 612 2
603 666 3
603 606 1
603 604 0
604 793 4
604 613 2
604 667 3
604 607 1
604 605 0
605 794 4
605 614 2
605 668 3
605 608 1
606 795 4
606 615 2
606 669 3
606 609 1
606 607 0
607 796 4
607 616 2
607 670 3
607 610 1
607 608 0
608 797 4
608 617 2
608 671 3
608 611 1
609 798 4
609 618 2
609 672 3
609 610 0
610 799 4
610 619 2
610 673 3
610 611 0
611 800 4
611 620 2
611 674 3
612 801 4
612 621 2
612 675 3
612 615 1
612 613 0
613 802 4
613 622 2
613 676 3
613 616 1
613 614 0
614 803 4
614 623 2
614 677 3
614 617 1
615 804 4
615 624 2
615 678 3
615 618 1
615 616 0
616 805 4
616 625 2
616 679 3
616 619 1
616 617 0
617 806 4
617 626 2
617 680 3
617 620 1
618 807 4
618 627 2
618 681 3
618 619 0
619 808 4
619 628 2
619 682 3
619 620 0
620 809 4
620 629 2
620 683 3
621 810 4
621 684 3
621 624 1
621 622 0
622 811 4
622 685 3
622 625 1
622 623 0
623 812 4
623 686 3
623 626 1
624 813 4
624 687 3
624 627 1
624 625 0
625 814 4
625 688 3
625 628 1
625 626 0
626 815 4
626 689 3
626 629 1
627 816 4
627 690 3
627 628 0
628 817 4
628 691 3
628 629 0
629 818 4
629 692 3
630 819 4
630 693 3
630 639 2
630 633 1
630 631 0
631 820 4
631 694 3
631 640 2
631 634 1
631 632 0
632 821 4
632 695 3
632 641 2
632 635 1
633 822 4
633 696 3
633 642 2
633 636 1
633 634 0
634 823 4
634 697 3
634 637 1
634 643 2
634 635 0
635 824 4
635 698 3
635 638 1
635 644 2
636 825 4
636 699 3
636 645 2
636 637 0
637 826 4
637 700 3
637 646 2
637 638 0
638 827 4
638 701 3
638 647 2
639 828 4
639 702 3
639 648 2
639 642 1
639 640 0
640 829 4
640 703 3
640 649 2
640 643 1
640 641 0
641 830 4
641 704 3
641 650 2
641 644 1
642 831 4
642 705 3
642 651 2
642 645 1
642 643 0
643 832 4
643 706 3
643 652 2
643 646 1
643 644 0
644 833 4
644 707 3
644 653 2
644 647 1
645 834 4
645 708 3
645 654 2
645 646 0
646 835 4
646 709 3
646 655 2
646 647 0
647 836 4
647 710 3
647 656 2
648 837 4
648 711 3
648 657 2
648 651 1
648 649 0
649 838 4
649 712 3
649 658 2
649 652 1
649 650 0
650 839 4
650 713 3
650 659 2
650 653 1
651 840 4
651 714 3
651 660 2
651 654 1
651 652 0
652 841 4
652 715 3
652 661 2
652 655 1
652 653 0
653 842 4
653 716 3
653 662 2
653 656 1
654 843 4
654 717 3
654 663 2
654 655 0
655 844 4
655 718 3
655 664 2
655 656 0
656 845 4
656 719 3
656 665 2
657 846 4
657 720 3
657 666 2
657 660 1
657 658 0
658 847 4
658 721 3
658 667 2
658 661 1
658 659 0
659 848 4
659 722 3
659 668 2
659 662 1
660 849 4
660 723 3
660 669 2
660 663 1
660 661 0
661 850 4
661 724 3
661 670 2
661 664 1
661 662 0
662 851 4
662 725 3
662 671 2
662 665 1
663 852 4
663 726 3
663 672 2
663 664 0
664 853 4
664 727 3
664 673 2
664 665 0
665 854 4
665 728 3
665 674 2
666 855 4
666 729 3
666 675 2
666 669 1
666 667 0
667 856 4
667 730 3
667 676 2
667 670 1
667 668 0
668 857 4
668 731 3
668 677 2
668 671 1
669 858 4
669 732 3
669 678 2
669 672 1
669 670 0
670 859 4
670 733 3
670 679 2
670 673 1
670 671 0
671 860 4
671 734 3
671 680 2
671 674 1
672 861 4
672 735 3
672 681 2
672 673 0
673 862 4
673 736 3
673 682 2
673 674 0
674 863 4
674 737 3
674 683 2
675 864 4
675 684 2
675 738 3
675 678 1
675 676 0
676 865 4
676 685 2
676 739 3
676 679 1
676 677 0
677 866 4
677 686 2
677 740 3
677 680 1
678 867 4
678 687 2
678 741 3
678 681 1
678 679 0
679 868 4
679 688 2
679 742 3
679 682 1
679 680 0
680 869 4
680 689 2
680 743 3
680 683 1
681 870 4
681 690 2
681 744 3
681 682 0
682 871 4
682 691 2
682 745 3
682 683 0
683 872 4
683 692 2
683 746 3
684 873 4
684 747 3
684 687 1
684 685 0
685 874 4
685 748 3
685 688 1
685 686 0
686 875 4
686 749 3
686 689 1
687 876 4
687 750 3
687 690 1
687 688 0
688 877 4
688 751 3
688 691 1
688 689 0
689 878 4
689 752 3
689 692 1
690 879 4
690 753 3
690 691 0
691 880 4
691 754 3
691 692 0
692 881 4
692 755 3
693 882 4
693 702 2
693 696 1
693 694 0
694 883 4
694 703 2
694 697 1
694 695 0
695 884 4
695 704 2
695 698 1
696 885 4
696 705 2
696 699 1
696 697 0
697 886 4
697 700 1
697 706 2
697 698 0
698 887 4
698 701 1
698 707 2
699 888 4
699 708 2
699 700 0
700 889 4
700 709 2
700 701 0
701 890 4
701 710 2
702 891 4
702 711 2
702 705 1
702 703 0
703 892 4
703 712 2
703 706 1
703 704 0
704 893 4
704 713 2
704 707 1
705 894 4
705 714 2
705 708 1
705 706 0
706 895 4
706 715 2
706 709 1
706 707 0
707 896 4
707 716 2
707 710 1
708 897 4
708 717 2
708 709 0
709 898 4
709 718 2
709 710 0
710 899 4
710 719 2
711 900 4
711 720 2
711 714 1
711 712 0
712 901 4
712 721 2
712 715 1
712 713 0
713 902 4
713 722 2
713 716 1
714 903 4
714 723 2
714 717 1
714 715 0
715 904 4
715 724 2
715 718 1
715 716 0
716 905 4
716 725 2
716 719 1
717 906 4
717 726 2
717 718 0
718 907 4
718 727 2
718 719 0
719 908 4
719 728 2
720 909 4
720 729 2
720 723 1
720 721 0
721 910 4
721 730 2
721 724 1
721 722 0
722 911 4
722 731 2
722 725 1
723 912 4
723 732 2
723 726 1
723 724 0
724 913 4
724 733 2
724 727 1
724 725 0
725 914 4
725 734 2
725 728 1
726 915 4
726 735 2
726 727 0
727 916 4
727 736 2
727 728 0
728 917 4
728 737 2
729 918 4
729 738 2
729 732 1
729 730 0
730 919 4
730 739 2
730 733 1
730 731 0
731 920 4
731 740 2
731 734 1
732 921 4
732 741 2
732 735 1
732 733 0
733 922 4
733 742 2
733 736 1
733 734 0
734 923 4
734 743 2
734 737 1
735 924 4
735 744 2
735 736 0
736 925 4
736 745 2
736 737 0
737 926 4
737 746 2
738 927 4
738 747 2
738 741 1
738 739 0
739 928 4
739 748 2
739 742 1
739 740 0
740 929 4
740 749 2
740 743 1
741 930 4
741 750 2
741 744 1
741 742 0
742 931 4
742 751 2
742 745 1
742 743 0
743 932 4
743 752 2
743 746 1
744 933 4
744 753 2
744 745 0
745 934 4
745 754 2
745 746 0
746 935 4
746 755 2
747 936 4
747 750 1
747 748 0
748 937 4
748 751 1
748 749 0
749 938 4
749 752 1
750 939 4
750 753 1
750 751 0
751 940 4
751 754 1
751 752 0
752 941 4
752 755 1
753 942 4
753 754 0
754 943 4
754 755 0
755 944 4
756 945 4
756 819 3
756 765 2
756 759 1
756 757 0
757 946 4
757 820 3
757 766 2
757 760 1
757 758 0
758 947 4
758 821 3
758 767 2
758 761 1
759 948 4
759 822 3
759 768 2
759 762 1
759 760 0
760 949 4
760 823 3
760 763 1
760 769 2
760 761 0
761 950 4
761 824 3
761 764 1
761 770 2
762 951 4
762 825 3
762 771 2
762 763 0
763 952 4
763 826 3
763 772 2
763 764 0
764 953 4
764 827 3
764 773 2
765 954 4
765 828 3
765 774 2
765 768 1
765 766 0
766 955 4
766 829 3
766 775 2
766 769 1
766 767 0
767 956 4
767 830 3
767 776 2
767 770 1
768 957 4
768 831 3
768 777 2
768 771 1
768 769 0
769 958 4
769 832 3
769 778 2
769 772 1
769 770 0
770 959 4
770 833 3
770 779 2
770 773 1
771 960 4
771 834 3
771 780 2
771 772 0
772 961 4
772 835 3
772 781 2
772 773 0
773 962 4
773 836 3
773 782 2
774 963 4
774 837 3
774 783 2
774 777 1
774 775 0
775 964 4
775 838 3
775 784 2
775 778 1
775 776 0
776 965 4
776 839 3
776 785 2
776 779 1
777 966 4
777 840 3
777 786 2
777 780 1
777 778 0
778 967 4
778 841 3
778 787 2
778 781 1
778 779 0
779 968 4
779 842 3
779 788 2
779 782 1
780 969 4
780 843 3
780 789 2
780 781 0
781 970 4
781 844 3
781 790 2
781 782 0
782 971 4
782 845 3
782 791 2
783 972 4
783 846 3
783 792 2
783 786 1
783 784 0
784 973 4
784 847 3
784 793 2
784 787 1
784 785 0
785 974 4
785 848 3
785 794 2
785 788 1
786 975 4
786 849 3
786 795 2
786 789 1
786 787 0
787 976 4
787 850 3
787 796 2
787 790 1
787 788 0
788 977 4
788 851 3
788 797 2
788 791 1
789 978 4
789 852 3
789 798 2
789 790 0
790 979 4
790 853 3
790 799 2
790 791 0
791 980 4
791 854 3
791 800 2
792 981 4
792 801 2
792 855 3
792 795 1
792 793 0
793 982 4
793 802 2
793 856 3
793 796 1
793 794 0
794 983 4
794 803 2
794 857 3
794 797 1
795 984 4
795 804 2
795 858 3
795 798 1
795 796 0
796 985 4
796 805 2
796 859 3
796 799 1
796 797 0
797 986 4
797 806 2
797 860 3
797 800 1
798 987 4
798 807 2
798 861 3
798 799 0
799 988 4
799 808 2
799 862 3
799 800 0
800 989 4
800 809 2
800 863 3
801 990 4
801 810 2
801 864 3
801 804 1
801 802 0
802 991 4
802 811 2
802 865 3
802 805 1
802 803 0
803 992 4
803 812 2
803 866 3
803 806 1
804 993 4
804 813 2
804 867 3
804 807 1
804 805 0
805 994 4
805 814 2
805 868 3
805 808 1
805 806 0
806 995 4
806 815 2
806 869 3
806 809 1
807 996 4
807 816 2
807 870 3
807 808 0
808 997 4
808 817 2
808 871 3
808 809 0
809 998 4
809 818 2
809 872 3
810 999 4
810 873 3
810 813 1
810 811 0
811 1000 4
811 874 3
811 814 1
811 812 0
812 1001 4
812 875 3
812 815 1
813 1002 4
813 876 3
813 816 1
813 814 0
814 1003 4
814 877 3
814 817 1
814 815 0
815 1004 4
815 878 3
815 818 1
816 1005 4
816 879 3
816 817 0
817 1006 4
817 880 3
817 818 0
818 1007 4
818 881 3
819 1008 4
819 882 3
819 828 2
819 822 1
819 820 0
820 1009 4
820 883 3
820 829 2
820 823 1
820 821 0
821 1010 4
821 884 3
821 830 2
821 824 1
822 1011 4
822 885 3
822 831 2
822 825 1
822 823 0
823 1012 4
823 886 3
823 826 1
823 832 2
823 824 0
824 1013 4
824 887 3
824 827 1
824 833 2
825 1014 4
825 888 3
825 834 2
825 826 0
826 1015 4
826 889 3
826 835 2
826 827 0
827 1016 4
827 890 3
827 836 2
828 1017 4
828 891 3
828 837 2
828 831 1
828 829 0
829 1018 4
829 892 3
829 838 2
829 832 1
829 830 0
830 1019 4
830 893 3
830 839 2
830 833 1
831 1020 4
831 894 3
831 840 2
831 834 1
831 832 0
832 1021 4
832 895 3
832 841 2
832 835 1
832 833 0
833 1022 4
833 896 3
833 842 2
833 836 1
834 1023 4
834 897 3
834 843 2
834 835 0
835 1024 4
835 898 3
835 844 2
835 836 0
836 1025 4
836 899 3
836 845 2
837 1026 4
837 900 3
837 846 2
837 840 1
837 838 0
838 1027 4
838 901 3
838 847 2
838 841 1
838 839 0
839 1028 4
839 902 3
839 848 2
839 842 1
840 1029 4
840 903 3
840 849 2
840 843 1
840 841 0
841 1030 4
841 904 3
841 850 2
841 844 1
841 842 0
842 1031 4
842 905 3
842 851 2
842 845 1
843 1032 4
843 906 3
843 852 2
843 844 0
844 1033 4
844 907 3
844 853 2
844 845 0
845 1034 4
845 908 3
845 854 2
846 1035 4
846 909 3
846 855 2
846 849 1
846 847 0
847 1036 4
847 910 3
847 856 2
847 850 1
847 848 0
848 1037 4
848 911 3
848 857 2
848 851 1
849 1038 4
849 912 3
849 858 2
849 852 1
849 850 0
850 1039 4
850 913 3
850 859 2
850 853 1
850 851 0
851 1040 4
851 914 3
851 860 2
851 854 1
852 1041 4
852 915 3
852 861 2
852 853 0
853 1042 4
853 916 3
853 862 2
853 854 0
854 1043 4
854 917 3
854 863 2
855 1044 4
855 918 3
855 864 2
855 858 1
855 856 0
856 1045 4
856 919 3
856 865 2
856 859 1
856 857 0
857 1046 4
857 920 3
857 866 2
857 860 1
858 1047 4
858 921 3
858 867 2
858 861 1
858 859 0
859 1048 4
859 922 3
859 868 2
859 862 1
859 860 0
860 1049 4
860 923 3
860 869 2
860 863 1
861 1050 4
861 924 3
861 870 2
861 862 0
862 1051 4
862 925 3
862 871 2
862 863 0
863 1052 4
863 926 3
863 872 2
864 1053 4
864 873 2
864 927 3
864 867 1
864 865 0
865 1054 4
865 874 2
865 928 3
865 868 1
865 866 0
866 1055 4
866 875 2
866 929 3
866 869 1
867 1056 4
867 876 2
867 930 3
867 870 1
867 868 0
868 1057 4
868 877 2
868 931 3
868 871 1
868 869 0
869 1058 4
869 878 2
869 932 3
869 872 1
870 1059 4
870 879 2
870 933 3
870 871 0
871 1060 4
871 880 2
871 934 3
871 872 0
872 1061 4
872 881 2
872 935 3
873 1062 4
873 936 3
873 876 1
873 874 0
874 1063 4
874 937 3
874 877 1
874 875 0
875 1064 4
875 938 3
875 878 1
876 1065 4
876 939 3
876 879 1
876 877 0
877 1066 4
877 940 3
877 880 1
877 878 0
878 1067 4
878 941 3
878 881 1
879 1068 4
879 942 3
879 880 0
880 1069 4
880 943 3
880 881 0
881 1070 4
881 944 3
882 1071 4
882 891 2
882 885 1
882 883 0
883 1072 4
883 892 2
883 886 1
883 884 0
884 1073 4
884 893 2
884 887 1
885 1074 4
885 894 2
885 888 1
885 886 0
886 1075 4
886 889 1
886 895 2
886 887 0
887 1076 4
887 890 1
887 896 2
888 1077 4
888 897 2
888 889 0
889 1078 4
889 898 2
889 890 0
890 1079 4
890 899 2
891 1080 4
891 900 2
891 894 1
891 892 0
892 1081 4
892 901 2
892 895 1
892 893 0
893 1082 4
893 902 2
893 896 1
894 1083 4
894 903 2
894 897 1
894 895 0
895 1084 4
895 904 2
895 898 1
895 896 0
896 1085 4
896 905 2
896 899 1
897 1086 4
897 906 2
897 898 0
898 1087 4
898 907 2
898 899 0
899 1088 4
899 908 2
900 1089 4
900 909 2
900 903 1
900 901 0
901 1090 4
901 910 2
901 904 1
901 902 0
902 1091 4
902 911 2
902 905 1
903 1092 4
903 912 2
903 906 1
903 904 0
904 1093 4
904 913 2
904 907 1
904 905 0
905 1094 4
905 914 2
905 908 1
906 1095 4
906 915 2
906 907 0
907 1096 4
907 916 2
907 908 0
908 1097 4
908 917 2
909 1098 4
909 918 2
909 912 1
909 910 0
910 1099 4
910 919 2
910 913 1
910 911 0
911 1100 4
911 920 2
911 914 1
912 1101 4
912 921 2
912 915 1
912 913 0
913 1102 4
913 922 2
913 916 1
913 914 0
914 1103 4
914 923 2
914 917 1
915 1104 4
915 924 2
915 916 0
916 1105 4
916 925 2
916 917 0
917 1106 4
917 926 2
918 1107 4
918 927 2
918 921 1
918 919 0
919 1108 4
919 928 2
919 922 1
919 920 0
920 1109 4
920 929 2
920 923 1
921 1110 4
921 930 2
921 924 1
921 922 0
922 1111 4
922 931 2
922 925 1
922 923 0
923 1112 4
923 932 2
923 926 1
924 1113 4
924 933 2
924 925 0
925 1114 4
925 934 2
925 926 0
926 1115 4
926 935 2
927 1116 4
927 936 2
927 930 1
927 928 0
928 1117 4
928 937 2
928 931 1
928 929 0
929 1118 4
929 938 2
929 932 1
930 1119 4
930 939 2
930 933 1
930 931 0
931 1120 4
931 940 2
931 934 1
931 932 0
932 1121 4
932 941 2
932 935 1
933 1122 4
933 942 2
933 934 0
934 1123 4
934 943 2
934 935 0
935 1124 4
935 944 2
936 1125 4
936 939 1
936 937 0
937 1126 4
937 940 1
937 938 0
938 1127 4
938 941 1
939 1128 4
939 942 1
939 940 0
940 1129 4
940 943 1
940 941 0
941 1130 4
941 944 1
942 1131 4
942 943 0
943 1132 4
943 944 0
944 1133 4
945 1134 4
945 1008 3
945 954 2
945 948 1
945 946 0
946 1135 4
946 1009 3
946 955 2
946 949 1
946 947 0
947 1136 4
947 1010 3
947 956 2
947 950 1
948 1137 4
948 1011 3
948 957 2
948 951 1
948 949 0
949 1138 4
949 1012 3
949 952 1
949 958 2
949 950 0
950 1139 4
950 1013 3
950 953 1
950 959 2
951 1140 4
951 1014 3
951 960 2
951 952 0
952 1141 4
952 1015 3
952 961 2
952 953 0
953 1142 4
953 1016 3
953 962 2
954 1143 4
954 1017 3
954 963 2
954 957 1
954 955 0
955 1144 4
955 1018 3
955 964 2
955 958 1
955 956 0
956 1145 4
956 1019 3
956 965 2
956 959 1
957 1146 4
957 1020 3
957 966 2
957 960 1
957 958 0
958 1147 4
958 1021 3
958 967 2
958 961 1
958 959 0
959 1148 4
959 1022 3
959 968 2
959 962 1
960 1149 4
960 1023 3
960 969 2
960 961 0
961 1150 4
961 1024 3
961 970 2
961 962 0
962 1151 4
962 1025 3
962 971 2
963 1152 4
963 1026 3
963 972 2
963 966 1
963 964 0
964 1153 4
964 1027 3
964 973 2
964 967 1
964 965 0
965 1154 4
965 1028 3
965 974 2
965 968 1
966 1155 4
966 1029 3
966 975 2
966 969 1
966 967 0
967 1156 4
967 1030 3
967 976 2
967 970 1
967 968 0
968 1157 4
968 1031 3
968 977 2
968 971 1
969 1158 4
969 1032 3
969 978 2
969 970 0
970 1159 4
970 1033 3
970 979 2
970 971 0
971 1160 4
971 1034 3
971 980 2
972 1161 4
972 1035 3
972 981 2
972 975 1
972 973 0
973 1162 4
973 1036 3
973 982 2
973 976 1
973 974 0
974 1163 4
974 1037 3
974 983 2
974 977 1
975 1164 4
975 1038 3
975 984 2
975 978 1
975 976 0
976 1165 4
976 1039 3
976 985 2
976 979 1
976 977 0
977 1166 4
977 1040 3
977 986 2
977 980 1
978 1167 4
978 1041 3
978 987 2
978 979 0
979 1168 4
979 1042 3
979 988 2
979 980 0
980 1169 4
980 1043 3
980 989 2
981 1170 4
981 990 2
981 1044 3
981 984 1
981 982 0
982 1171 4
982 991 2
982 1045 3
982 985 1
982 983 0
983 1172 4
983 992 2
983 1046 3
983 986 1
984 1173 4
984 993 2
984 1047 3
984 987 1
984 985 0
985 1174 4
985 994 2
985 1048 3
985 988 1
985 986 0
986 1175 4
986 995 2
986 1049 3
986 989 1
987 1176 4
987 996 2
987 1050 3
987 988 0
988 1177 4
988 997 2
988 1051 3
988 989 0
989 1178 4
989 998 2
989 1052 3
990 1179 4
990 999 2
990 1053 3
990 993 1
990 991 0
991 1180 4
991 1000 2
991 1054 3
991 994 1
991 992 0
992 1181 4
992 1001 2
992 1055 3
992 995 1
993 1182 4
993 1002 2
993 1056 3
993 996 1
993 994 0
994 1183 4
994 1003 2
994 1057 3
994 997 1
994 995 0
995 1184 4
995 1004 2
995 1058 3
995 998 1
996 1185 4
996 1005 2
996 1059 3
996 997 0
997 1186 4
997 1006 2
997 1060 3
997 998 0
998 1187 4
998 1007 2
998 1061 3
999 1188 4
999 1062 3
999 1002 1
999 1000 0
1000 1189 4
1000 1063 3
1000 1003 1
1000 1001 0
1001 1190 4
1001 1064 3
1001 1004 1
1002 1191 4
1002 1065 3
1002 1005 1
1002 1003 0
1003 1192 4
1003 1066 3
1003 1006 1
1003 1004 0
1004 1193 4
1004 1067 3
1004 1007 1
1005 1194 4
1005 1068 3
1005 1006 0
1006 1195 4
1006 1069 3
1006 1007 0
1007 1196 4
1007 1070 3
1008 1197 4
1008 1071 3
1008 1017 2
1008 1011 1
1008 1009 0
1009 1198 4
1009 1072 3
1009 1018 2
1009 1012 1
1009 1010 0
1010 1199 4
1010 1073 3
1010 1019 2
1010 1013 1
1011 1200 4
1011 1074 3
1011 1020 2
1011 1014 1
1011 1012 0
1012 1201 4
1012 1075 3
1012 1015 1
1012 1021 2
1012 1013 0
1013 1202 4
1013 1076 3
1013 1016 1
1013 1022 2
1014 1203 4
1014 1077 3
1014 1023 2
1014 1015 0
1015 1204 4
1015 1078 3
1015 1024 2
1015 1016 0
1016 1205 4
1016 1079 3
1016 1025 2
1017 1206 4
1017 1080 3
1017 1026 2
1017 1020 1
1017 1018 0
1018 1207 4
1018 1081 3
1018 1027 2
1018 1021 1
1018 1019 0
1019 1208 4
1019 1082 3
1019 1028 2
1019 1022 1
1020 1209 4
1020 1083 3
1020 1029 2
1020 1023 1
1020 1021 0
1021 1210 4
1021 1084 3
1021 1030 2
1021 1024 1
1021 1022 0
1022 1211 4
1022 1085 3
1022 1031 2
1022 1025 1
1023 1212 4
1023 1086 3
1023 1032 2
1023 1024 0
1024 1213 4
1024 1087 3
1024 1033 2
1024 1025 0
1025 1214 4
1025 1088 3
1025 1034 2
1026 1215 4
1026 1089 3
1026 1035 2
1026 1029 1
1026 1027 0
1027 1216 4
1027 1090 3
1027 1036 2
1027 1030 1
1027 1028 0
1028 1217 4
1028 1091 3
1028 1037 2
1028 1031 1
1029 1218 4
1029 1092 3
1029 1038 2
1029 1032 1
1029 1030 0
1030 1219 4
1030 1093 3
1030 1039 2
1030 1033 1
1030 1031 0
1031 1220 4
1031 1094 3
1031 1040 2
1031 1034 1
1032 1221 4
1032 1095 3
1032 1041 2
1032 1033 0
1033 1222 4
1033 1096 3
1033 1042 2
1033 1034 0
1034 1223 4
1034 1097 3
1034 1043 2
1035 1224 4
1035 1098 3
1035 1044 2
1035 1038 1
1035 1036 0
1036 1225 4
1036 1099 3
1036 1045 2
1036 1039 1
1036 1037 0
1037 1226 4
1037 1100 3
1037 1046 2
1037 1040 1
1038 1227 4
1038 1101 3
1038 1047 2
1038 1041 1
1038 1039 0
1039 1228 4
1039 1102 3
1039 1048 2
1039 1042 1
1039 1040 0
1040 1229 4
1040 1103 3
1040 1049 2
1040 1043 1
1041 1230 4
1041 1104 3
1041 1050 2
1041 1042 0
1042 1231 4
1042 1105 3
1042 1051 2
1042 1043 0
1043 1232 4
1043 1106 3
1043 1052 2
1044 1233 4
1044 1107 3
1044 1053 2
1044 1047 1
1044 1045 0
1045 1234 4
1045 1108 3
1045 1054 2
1045 1048 1
1045 1046 0
1046 1235 4
1046 1109 3
1046 1055 2
1046 1049 1
1047 1236 4
1047 1110 3
1047 1056 2
1047 1050 1
1047 1048 0
1048 1237 4
1048 1111 3
1048 1057 2
1048 1051 1
1048 1049 0
1049 1238 4
1049 1112 3
1049 1058 2
1049 1052 1
1050 1239 4
1050 1113 3
1050 1059 2
1050 1051 0
1051 1240 4
1051 1114 3
1051 1060 2
1051 1052 0
1052 1241 4
1052 1115 3
1052 1061 2
1053 1242 4
1053 1062 2
1053 1116 3
1053 1056 1
1053 1054 0
1054 1243 4
1054 1063 2
1054 1117 3
1054 1057 1
1054 1055 0
1055 1244 4
1055 1064 2
1055 1118 3
1055 1058 1
1056 1245 4
1056 1065 2
1056 1119 3
1056 1059 1
1056 1057 0
1057 1246 4
1057 1066 2
1057 1120 3
1057 1060 1
1057 1058 0
1058 1247 4
1058 1067 2
1058 1121 3
1058 1061 1
1059 1248 4
1059 1068 2
1059 1122 3
1059 1060 0
1060 1249 4
1060 1069 2
1060 1123 3
1060 1061 0
1061 1250 4
1061 1070 2
1061 1124 3
1062 1251 4
1062 1125 3
1062 1065 1
1062 1063 0
1063 1252 4
1063 1126 3
1063 1066 1
1063 1064 0
1064 1253 4
1064 1127 3
1064 1067 1
1065 1254 4
1065 1128 3
1065 1068 1
1065 1066 0
1066 1255 4
1066 1129 3
1066 1069 1
1066 1067 0
1067 1256 4
1067 1130 3
1067 1070 1
1068 1257 4
1068 1131 3
1068 1069 0
1069 1258 4
1069 1132 3
1069 1070 0
1070 1259 4
1070 1133 3
1071 1260 4
1071 1080 2
1071 1074 1
1071 1072 0
1072 1261 4
1072 1081 2
1072 1075 1
1072 1073 0
1073 1262 4
1073 1082 2
1073 1076 1
1074 1263 4
1074 1083 2
1074 1077 1
1074 1075 0
1075 1264 4
1075 1078 1
1075 1084 2
1075 1076 0
1076 1265 4
1076 1079 1
1076 1085 2
1077 1266 4
1077 1086 2
1077 1078 0
1078 1267 4
1078 1087 2
1078 1079 0
1079 1268 4
1079 1088 2
1080 1269 4
1080 1089 2
1080 1083 1
1080 1081 0
1081 1270 4
1081 1090 2
1081 1084 1
1081 1082 0
1082 1271 4
1082 1091 2
1082 1085 1
1083 1272 4
1083 1092 2
1083 1086 1
1083 1084 0
1084 1273 4
1084 1093 2
1084 1087 1
1084 1085 0
1085 1274 4
1085 1094 2
1085 1088 1
1086 1275 4
1086 1095 2
1086 1087 0
1087 1276 4
1087 1096 2
1087 1088 0
1088 1277 4
1088 1097 2
1089 1278 4
1089 1098 2
1089 1092 1
1089 1090 0
1090 1279 4
1090 1099 2
1090 1093 1
1090 1091 0
1091 1280 4
1091 1100 2
1091 1094 1
1092 1281 4
1092 1101 2
1092 1095 1
1092 1093 0
1093 1282 4
1093 1102 2
1093 1096 1
1093 1094 0
1094 1283 4
1094 1103 2
1094 1097 1
1095 1284 4
1095 1104 2
1095 1096 0
1096 1285 4
1096 1105 2
1096 1097 0
1097 1286 4
1097 1106 2
1098 1287 4
1098 1107 2
1098 1101 1
1098 1099 0
1099 1288 4
1099 1108 2
1099 1102 1
1099 1100 0
1100 1289 4
1100 1109 2
1100 1103 1
1101 1290 4
1101 1110 2
1101 1104 1
1101 1102 0
1102 1291 4
1102 1111 2
1102 1105 1
1102 1103 0
1103 1292 4
1103 1112 2
1103 1106 1
1104 1293 4
1104 1113 2
1104 1105 0
1105 1294 4
1105 1114 2
1105 1106 0
1106 1295 4
1106 1115 2
1107 1296 4
1107 1116 2
1107 1110 1
1107 1108 0
1108 1297 4
1108 1117 2
1108 1111 1
1108 1109 0
1109 1298 4
1109 1118 2
1109 1112 1
1110 1299 4
1110 1119 2
1110 1113 1
1110 1111 0
1111 1300 4
1111 1120 2
1111 1114 1
1111 1112 0
1112 1301 4
1112 1121 2
1112 1115 1
1113 1302 4
1113 1122 2
1113 1114 0
1114 1303 4
1114 1123 2
1114 1115 0
1115 1304 4
1115 1124 2
1116 1305 4
1116 1125 2
1116 1119 1
1116 1117 0
1117 1306 4
1117 1126 2
1117 1120 1
1117 1118 0
1118 1307 4
1118 1127 2
1118 1121 1
1119 1308 4
1119 1128 2
1119 1122 1
1119 1120 0
1120 1309 4
1120 1129 2
1120 1123 1
1120 1121 0
1121 1310 4
1121 1130 2
1121 1124 1
1122 1311 4
1122 1131 2
1122 1123 0
1123 1312 4
1123 1132 2
1123 1124 0
1124 1313 4
1124 1133 2
1125 1314 4
1125 1128 1
1125 1126 0
1126 1315 4
1126 1129 1
1126 1127 0
1127 1316 4
1127 1130 1
1128 1317 4
1128 1131 1
1128 1129 0
1129 1318 4
1129 1132 1
1129 1130 0
1130 1319 4
1130 1133 1
1131 1320 4
1131 1132 0
1132 1321 4
1132 1133 0
1133 1322 4
1134 1197 3
1134 1143 2
1134 1137 1
1134 1135 0
1135 1198 3
1135 1144 2
1135 1138 1
1135 1136 0
1136 1199 3
1136 1145 2
1136 1139 1
1137 1200 3
1137 1146 2
1137 1140 1
1137 1138 0
1138 1201 3
1138 1141 1
1138 1147 2
1138 1139 0
1139 1202 3
1139 1142 1
1139 1148 2
1140 1203 3
1140 1149 2
1140 1141 0
1141 1204 3
1141 1150 2
1141 1142 0
1142 1205 3
1142 1151 2
1143 1206 3
1143 1152 2
1143 1146 1
1143 1144 0
1144 1207 3
1144 1153 2
1144 1147 1
1144 1145 0
1145 1208 3
1145 1154 2
1145 1148 1
1146 1209 3
1146 1155 2
1146 1149 1
1146 1147 0
1147 1210 3
1147 1156 2
1147 1150 1
1147 1148 0
1148 1211 3
1148 1157 2
1148 1151 1
1149 1212 3
1149 1158 2
1149 1150 0
1150 1213 3
1150 1159 2
1150 1151 0
1151 1214 3
1151 1160 2
1152 1215 3
1152 1161 2
1152 1155 1
1152 1153 0
1153 1216 3
1153 1162 2
1153 1156 1
1153 1154 0
1154 1217 3
1154 1163 2
1154 1157 1
1155 1218 3
1155 1164 2
1155 1158 1
1155 1156 0
1156 1219 3
1156 1165 2
1156 1159 1
1156 1157 0
1157 1220 3
1157 1166 2
1157 1160 1
1158 1221 3
1158 1167 2
1158 1159 0
1159 1222 3
1159 1168 2
1159 1160 0
1160 1223 3
1160 1169 2
1161 1224 3
1161 1170 2
1161 1164 1
1161 1162 0
1162 1225 3
1162 1171 2
1162 1165 1
1162 1163 0
1163 1226 3
1163 1172 2
1163 1166 1
1164 1227 3
1164 1173 2
1164 1167 1
1164 1165 0
1165 1228 3
1165 1174 2
1165 1168 1
1165 1166 0
1166 1229 3
1166 1175 2
1166 1169 1
1167 1230 3
1167 1176 2
1167 1168 0
1168 1231 3
1168 1177 2
1168 1169 0
1169 1232 3
1169 1178 2
1170 1179 2
1170 1233 3
1170 1173 1
1170 1171 0
1171 1180 2
1171 1234 3
1171 1174 1
1171 1172 0
1172 1181 2
1172 1235 3
1172 1175 1
1173 1182 2
1173 1236 3
1173 1176 1
1173 1174 0
1174 1183 2
1174 1237 3
1174 1177 1
1174 1175 0
1175 1184 2
1175 1238 3
1175 1178 1
1176 1185 2
1176 1239 3
1176 1177 0
1177 1186 2
1177 1240 3
1177 1178 0
1178 1187 2
1178 1241 3
1179 1188 2
1179 1242 3
1179 1182 1
1179 1180 0
1180 1189 2
1180 1243 3
1180 1183 1
1180 1181 0
1181 1190 2
1181 1244 3
1181 1184 1
1182 1191 2
1182 1245 3
1182 1185 1
1182 1183 0
1183 1192 2
1183 1246 3
1183 1186 1
1183 1184 0
1184 1193 2
1184 1247 3
1184 1187 1
1185 1194 2
1185 1248 3
1185 1186 0
1186 1195 2
1186 1249 3
1186 1187 0
1187 1196 2
1187 1250 3
1188 1251 3
1188 1191 1
1188 1189 0
1189 1252 3
1189 1192 1
1189 1190 0
1190 1253 3
1190 1193 1
1191 1254 3
1191 1194 1
1191 1192 0
1192 1255 3
1192 1195 1
1192 1193 0
1193 1256 3
1193 1196 1
1194 1257 3
1194 1195 0
1195 1258 3
1195 1196 0
1196 1259 3
1197 1260 3
1197 1206 2
1197 1200 1
1197 1198 0
1198 1261 3
1198 1207 2
1198 1201 1
1198 1199 0
1199 1262 3
1199 1208 2
1199 1202 1
1200 1263 3
1200 1209 2
1200 1203 1
1200 1201 0
1201 1264 3
1201 1204 1
1201 1210 2
1201 1202 0
1202 1265 3
1202 1205 1
1202 1211 2
1203 1266 3
1203 1212 2
1203 1204 0
1204 1267 3
1204 1213 2
1204 1205 0
1205 1268 3
1205 1214 2
1206 1269 3
1206 1215 2
1206 1209 1
1206 1207 0
1207 1270 3
1207 1216 2
1207 1210 1
1207 1208 0
1208 1271 3
1208 1217 2
1208 1211 1
1209 1272 3
1209 1218 2
1209 1212 1
1209 1210 0
1210 1273 3
1210 1219 2
1210 1213 1
1210 1211 0
1211 1274 3
1211 1220 2
1211 1214 1
1212 1275 3
1212 1221 2
1212 1213 0
1213 1276 3
1213 1222 2
1213 1214 0
1214 1277 3
1214 1223 2
1215 1278 3
1215 1224 2
1215 1218 1
1215 1216 0
1216 1279 3
1216 1225 2
1216 1219 1
1216 1217 0
1217 1280 3
1217 1226 2
1217 1220 1
1218 1281 3
1218 1227 2
1218 1221 1
1218 1219 0
1219 1282 3
1219 1228 2
1219 1222 1
1219 1220 0
1220 1283 3
1220 1229 2
1220 1223 1
1221 1284 3
1221 1230 2
1221 1222 0
1222 1285 3
1222 1231 2
1222 1223 0
1223 1286 3
1223 1232 2
1224 1287 3
1224 1233 2
1224 1227 1
1224 1225 0
1225 1288 3
1225 1234 2
1225 1228 1
1225 1226 0
1226 1289 3
1226 1235 2
1226 1229 1
1227 1290 3
1227 1236 2
1227 1230 1
1227 1228 0
1228 1291 3
1228 1237 2
1228 1231 1
1228 1229 0
1229 1292 3
1229 1238 2
1229 1232 1
1230 1293 3
1230 1239 2
1230 1231 0
1231 1294 3
1231 1240 2
1231 1232 0
1232 1295 3
1232 1241 2
1233 1296 3
1233 1242 2
1233 1236 1
1233 1234 0
1234 1297 3
1234 1243 2
1234 1237 1
1234 1235 0
1235 1298 3
1235 1244 2
1235 1238 1
1236 1299 3
1236 1245 2
1236 1239 1
1236 1237 0
1237 1300 3
1237 1246 2
1237 1240 1
1237 1238 0
1238 1301 3
1238 1247 2
1238 1241 1
1239 1302 3
1239 1248 2
1239 1240 0
1240 1303 3
1240 1249 2
1240 1241 0
1241 1304 3
1241 1250 2
1242 1251 2
1242 1305 3
1242 1245 1
1242 1243 0
1243 1252 2
1243 1306 3
1243 1246 1
1243 1244 0
1244 1253 2
1244 1307 3
1244 1247 1
1245 1254 2
1245 1308 3
1245 1248 1
1245 1246 0
1246 1255 2
1246 1309 3
1246 1249 1
1246 1247 0
1247 1256 2
1247 1310 3
1247 1250 1
1248 1257 2
1248 1311 3
1248 1249 0
1249 1258 2
1249 1312 3
1249 1250 0
1250 1259 2
1250 1313 3
1251 1314 3
1251 1254 1
1251 1252 0
1252 1315 3
1252 1255 1
1252 1253 0
1253 1316 3
1253 1256 1
1254 1317 3
1254 1257 1
1254 1255 0
1255 1318 3
1255 1258 1
1255 1256 0
1256 1319 3
1256 1259 1
1257 1320 3
1257 1258 0
1258 1321 3
1258 1259 0
1259 1322 3
1260 1269 2
1260 1263 1
1260 1261 0
1261 1270 2
1261 1264 1
1261 1262 0
1262 1271 2
1262 1265 1
1263 1272 2
1263 1266 1
1263 1264 0
1264 1267 1
1264 1273 2
1264 1265 0
1265 1268 1
1265 1274 2
1266 1275 2
1266 1267 0
1267 1276 2
1267 1268 0
1268 1277 2
1269 1278 2
1269 1272 1
1269 1270 0
1270 1279 2
1270 1273 1
1270 1271 0
1271 1280 2
1271 1274 1
1272 1281 2
1272 1275 1
1272 1273 0
1273 1282 2
1273 1276 1
1273 1274 0
1274 1283 2
1274 1277 1
1275 1284 2
1275 1276 0
1276 1285 2
1276 1277 0
1277 1286 2
1278 1287 2
1278 1281 1
1278 1279 0
1279 1288 2
1279 1282 1
1279 1280 0
1280 1289 2
1280 1283 1
1281 1290 2
1281 1284 1
1281 1282 0
1282 1291 2
1282 1285 1
1282 1283 0
1283 1292 2
1283 1286 1
1284 1293 2
1284 1285 0
1285 1294 2
1285 1286 0
1286 1295 2
1287 1296 2
1287 1290 1
1287 1288 0
1288 1297 2
1288 1291 1
1288 1289 0
1289 1298 2
1289 1292 1
1290 1299 2
1290 1293 1
1290 1291 0
1291 1300 2
1291 1294 1
1291 1292 0
1292 1301 2
1292 1295 1
1293 1302 2
1293 1294 0
1294 1303 2
1294 1295 0
1295 1304 2
1296 1305 2
1296 1299 1
1296 1297 0
1297 1306 2
1297 1300 1
1297 1298 0
1298 1307 2
1298 1301 1
1299 1308 2
1299 1302 1
1299 1300 0
1300 1309 2
1300 1303 1
1300 1301 0
1301 1310 2
1301 1304 1
1302 1311 2
1302 1303 0
1303 1312 2
1303 1304 0
1304 1313 2
1305 1314 2
1305 1308 1
1305 1306 0
1306 1315 2
1306 1309 1
1306 1307 0
1307 1316 2
1307 1310 1
1308 1317 2
1308 1311 1
1308 1309 0
1309 1318 2
1309 1312 1
1309 1310 0
1310 1319 2
1310 1313 1
1311 1320 2
1311 1312 0
1312 1321 2
1312 1313 0
1313 1322 2
1314 1317 1
1314 1315 0
1315 1318 1
1315 1316 0
1316 1319 1
1317 1320 1
1317 1318 0
1318 1321 1
1318 1319 0
1319 1322 1
1320 1321 0
1321 1322 0
