189 0 4 8.28807279684
190 1 4 8.8077825536
191 2 4 8.80057013853
192 3 4 8.65380398342
193 4 4 8.6718499834
194 5 4 8.26258231419
195 6 4 8.53548799301
196 7 4 8.16216058954
197 8 4 7.39988095396
198 9 4 8.67664786902
199 10 4 8.69418504801
200 11 4 8.28175835754
201 12 4 8.55717175348
202 13 4 8.1811734406
203 14 4 7.41204432301
204 15 4 8.07114613979
205 16 4 7.34860440667
206 17 4 6.26553252483
207 18 4 8.57889499061
208 19 4 8.19974017456
209 20 4 7.42472487538
210 21 4 8.09018519823
211 22 4 7.36170796709
212 23 4 6.27101248484
213 24 4 7.29319370847
214 25 4 6.25204876023
215 26 4 4.86501648001
216 27 4 8.10881616153
217 28 4 7.37433492227
218 29 4 6.27596892217
219 30 4 7.30671349286
220 31 4 6.2577925085
221 32 4 4.86319615156
222 33 4 6.23617222083
223 34 4 4.89481217826
224 35 4 3.22162028803
225 36 4 7.31969142506
226 37 4 6.26268444835
227 38 4 4.85924573882
228 39 4 6.24271208904
229 40 4 4.8916440931
230 41 4 3.20917962415
231 42 4 4.92396703089
232 43 4 3.29617176239
233 44 4 1.34797268481
234 45 4 6.24834210977
235 46 4 4.88763897587
236 47 4 3.19599565613
237 48 4 4.92185062934
238 49 4 3.28299614019
239 50 4 1.325189366
240 51 4 3.37505197927
241 52 4 1.47099639487
242 53 4 -0.740030809182
243 54 4 4.91882450204
244 55 4 3.26910161984
245 56 4 1.30456637869
246 57 4 3.36319847513
247 58 4 1.44758292417
248 59 4 -0.770356283585
249 60 4 1.60661124706
250 61 4 -0.563508161635
251 62 4 -3.02462844528
252 63 4 8.37425212263
253 64 4 8.51236708157
254 65 4 8.21605218573
255 66 4 8.37283907149
256 67 4 8.10530915986
257 68 4 7.44682337948
258 69 4 7.99031353603
259 70 4 7.37345232651
260 71 4 6.39166597211
261 72 4 8.3947267892
262 73 4 8.12731583302
263 74 4 7.46190534331
264 75 4 8.01025412062
265 76 4 7.38715990119
266 77 4 6.40074555419
267 78 4 7.30890140128
268 79 4 6.36627251332
269 80 4 5.07918037746
270 81 4 8.0303582308
271 82 4 7.40222213095
272 83 4 6.40781900627
273 84 4 7.3248626658
274 85 4 6.37539627174
275 86 4 5.0801384709
276 87 4 6.34042999481
277 88 4 5.09553826199
278 89 4 3.51864044089
279 90 4 7.34026175758
280 91 4 6.38371123645
281 92 4 5.07901280708
282 93 4 6.35034157786
283 94 4 5.09579395272
284 95 4 3.50882931187
285 96 4 5.11257566885
286 97 4 3.57844074483
287 98 4 1.7234552921
288 99 4 6.35942548033
289 100 4 5.09549197236
290 101 4 3.49823371034
291 102 4 5.11402716784
292 103 4 3.56911309483
293 104 4 1.7023905477
294 105 4 3.64394474118
295 106 4 1.83059306319
296 107 4 -0.29372113369
297 108 4 5.11473415105
298 109 4 3.5591398207
299 110 4 1.6816840299
300 111 4 3.6355801876
301 112 4 1.81041742504
302 113 4 -0.324882536367
303 114 4 1.94984927832
304 115 4 -0.134820898903
305 116 4 -2.51746606501
306 117 4 3.62705443153
307 118 4 1.78994516256
308 119 4 -0.353225744227
309 120 4 1.93076041124
310 121 4 -0.165651929647
311 122 4 -2.55581909992
312 123 4 0.0457897310334
313 124 4 -2.30067419248
314 125 4 -4.92757026558
315 126 4 8.18853688765
316 127 4 8.03391418956
317 128 4 7.4797935244
318 129 4 7.91140828649
319 130 4 7.39587375317
320 131 4 6.51261143944
321 132 4 7.30559394287
322 133 4 6.46425254521
323 134 4 5.27813717841
324 135 4 7.93215350859
325 136 4 7.41313724487
326 137 4 6.52279282182
327 138 4 7.32366865155
328 139 4 6.4759414877
329 140 4 5.2822878105
330 141 4 6.42715260241
331 142 4 5.28105570673
332 143 4 3.80280640778
333 144 4 7.34130026345
334 145 4 6.4868881397
335 146 4 5.28434396936
336 147 4 6.43974656233
337 148 4 5.28513815487
338 149 4 3.79605078145
339 150 4 5.28544596424
340 151 4 3.8473654001
341 152 4 2.08749040353
342 153 4 6.4515856896
343 154 4 5.28828773538
344 155 4 3.78812595813
345 156 4 5.29086622254
346 157 4 3.84218468343
347 158 4 2.06942071181
348 159 4 3.89912347729
349 160 4 2.17871908622
350 161 4 0.14624134356
351 162 4 5.29529885862
352 163 4 3.83554465537
353 164 4 2.05095804365
354 165 4 3.89565512097
355 166 4 2.16245931243
356 167 4 0.116988140505
357 168 4 2.28248488336
358 169 4 0.287681551017
359 170 4 -2.00843125564
360 171 4 3.89078938525
361 172 4 2.14540276131
362 173 4 0.0882467684331
363 174 4 2.26826790535
364 175 4 0.260291377765
365 176 4 -2.04889761337
366 177 4 0.448331010566
367 178 4 -1.81327483701
368 179 4 -4.36296464099
369 180 4 2.25290314531
370 181 4 0.232551456676
371 182 4 -2.08523444584
372 183 4 0.423161840973
373 184 4 -1.85176715786
374 185 4 -4.4104249408
375 186 4 -1.58654955169
376 187 4 -4.10501845268
377 188 4 -6.89389008648
378 189 4 8.45828559243
379 190 4 8.5931224467
380 191 4 8.28296398777
381 192 4 8.45355777812
382 193 4 8.17673288197
383 194 4 7.49829380736
384 195 4 8.06114867389
385 196 4 7.4272271057
386 197 4 6.42719962705
387 198 4 8.47546974428
388 199 4 8.19640145883
389 200 4 7.51317734802
390 201 4 8.08141084851
391 202 4 7.44246449173
392 203 4 6.43609008497
393 204 4 7.36709764538
394 205 4 6.40738566249
395 206 4 5.09887765182
396 207 4 8.10124381063
397 208 4 7.45709269222
398 209 4 6.4430165425
399 210 4 7.38268679747
400 211 4 6.41587601781
401 212 4 5.09951097082
402 213 4 6.38501901608
403 214 4 5.12128885447
404 215 4 3.52243173335
405 216 4 7.39768210457
406 217 4 6.4233254389
407 218 4 5.09777974432
408 219 4 6.39433668886
409 220 4 5.12072924806
410 221 4 3.51206200766
411 222 4 5.14265854953
412 223 4 3.5887625183
413 224 4 1.71078983251
414 225 4 6.40264568732
415 226 4 5.11947230491
416 227 4 3.50062076058
417 228 4 5.14335908917
418 229 4 3.57828697126
419 230 4 1.68961480049
420 231 4 3.6591206039
421 232 4 1.82526358773
422 233 4 -0.321256836367
423 234 4 5.14327984237
424 235 4 3.56724006335
425 236 4 1.66859974273
426 237 4 3.65021010497
427 238 4 1.80400682457
428 239 4 -0.352882381891
429 240 4 1.94981516818
430 241 4 -0.155667707245
431 242 4 -2.56042520259
432 243 4 3.64004855564
433 244 4 1.78254573666
434 245 4 -0.380782590014
435 246 4 1.92959105006
436 247 4 -0.187705262113
437 248 4 -2.59764733264
438 249 4 0.0300631663023
439 250 4 -2.3372770148
440 251 4 -4.98402379382
441 252 4 8.27222546413
442 253 4 8.1093596889
443 254 4 7.54040595703
444 255 4 7.98890260227
445 256 4 7.458652517
446 257 4 6.55622578559
447 258 4 7.37097465249
448 259 4 6.51307467807
449 260 4 5.30611255304
450 261 4 8.0098381468
451 262 4 7.47333318819
452 263 4 6.56616798123
453 264 4 7.38880133834
454 265 4 6.52427014972
455 266 4 5.30924260614
456 267 4 6.47909120709
457 268 4 5.31506235362
458 269 4 3.81452954565
459 270 4 7.40572339105
460 271 4 6.53481982763
461 272 4 5.3118041129
462 273 4 6.49122021908
463 274 4 5.31844152176
464 275 4 3.80765806587
465 276 4 5.32343950062
466 277 4 3.8660381202
467 278 4 2.08290248017
468 279 4 6.50257594307
469 280 4 5.32086605327
470 281 4 3.79951327786
471 282 4 5.32820004952
472 283 4 3.85996350533
473 284 4 2.06503677448
474 285 4 3.92259191336
475 286 4 2.18169564051
476 287 4 0.12565288031
477 288 4 5.33194164678
478 289 4 3.85252085518
479 290 4 2.04623464771
480 291 4 3.91826519351
481 292 4 2.16471889425
482 293 4 0.0960856092111
483 294 4 2.29025650275
484 295 4 0.274677070093
485 296 4 -2.0442331846
486 297 4 3.91253702704
487 298 4 2.14663095713
488 299 4 0.0675453743275
489 300 4 2.27572499275
490 301 4 0.246432939579
491 302 4 -2.08433673429
492 303 4 0.440241056208
493 304 4 -1.84120288385
494 305 4 -4.41374251113
495 306 4 2.25937510634
496 307 4 0.218040719735
497 308 4 -2.11995442973
498 309 4 0.414680079642
499 310 4 -1.88079933539
500 311 4 -4.4596418283
501 312 4 -1.60976166451
502 313 4 -4.14929003751
503 314 4 -6.95867192774
504 315 4 7.89712403011
505 316 4 7.47218121497
506 317 4 6.67348726013
507 318 4 7.37697142316
508 319 4 6.61764037604
509 320 4 5.50634634304
510 321 4 6.55913458982
511 322 4 5.49510863102
512 323 4 4.09489600031
513 324 4 7.39618671063
514 325 4 6.6310330861
515 326 4 5.51138843127
516 327 4 6.57415915982
517 328 4 5.50221409973
518 329 4 4.09126745333
519 330 4 5.49102615328
520 331 4 4.13079230588
521 332 4 2.44520581368
522 333 4 6.58850678243
523 334 4 5.50839662834
524 335 4 4.0868310089
525 336 4 5.49960070387
526 337 4 4.12893557752
527 338 4 2.4308550037
528 339 4 4.17351882186
529 340 4 2.52731369601
530 341 4 0.566171925215
531 342 4 5.50721323929
532 343 4 4.12608037835
533 344 4 2.41585242106
534 345 4 4.17341739778
535 346 4 2.51516104494
536 347 4 0.539652087382
537 348 4 2.62033310915
538 349 4 0.697736968484
539 350 4 -1.53059253002
540 351 4 4.17241070711
541 352 4 2.50189343058
542 353 4 0.51349644127
543 354 4 2.61037499013
544 355 4 0.673810773056
545 356 4 -1.56921379357
546 357 4 0.845868216966
547 358 4 -1.34640823873
548 359 4 -3.8338119524
549 360 4 2.59919476574
550 361 4 0.649300703729
551 362 4 -1.60622932223
552 363 4 0.824224477735
553 364 4 -1.38251056382
554 365 4 -3.88331974339
555 366 4 -1.1380929408
556 367 4 -3.59325132667
557 368 4 -6.3294135316
558 369 4 0.801966606173
559 370 4 -1.4184336703
560 371 4 -3.92713509525
561 372 4 -1.17161509684
562 373 4 -3.64056039173
563 374 4 -6.38492005718
564 375 4 -3.31325825943
565 376 4 -6.0222080176
566 377 4 -8.9892576696
567 378 4 8.360440755
568 379 4 8.18655543826
569 380 4 7.60034065395
570 381 4 8.0678399388
571 382 4 7.52039037635
572 383 4 6.60024702708
573 384 4 7.4372269422
574 385 4 6.56243676429
575 386 4 5.33421390076
576 387 4 8.08834592338
577 388 4 7.53701618696
578 389 4 6.61000826611
579 390 4 7.45444772085
580 391 4 6.57313389491
581 392 4 5.33730588255
582 393 4 6.53168080924
583 394 4 5.34909224787
584 395 4 3.82645458467
585 396 4 7.47143344195
586 397 4 6.58345276888
587 398 4 5.3392065687
588 399 4 6.54334390698
589 400 4 5.35175320601
590 401 4 3.81901362197
591 402 4 5.36155473553
592 403 4 3.88441022947
593 404 4 2.07840468055
594 405 4 6.5545834655
595 406 4 5.35344004643
596 407 4 3.81045464567
597 408 4 5.36563986578
598 409 4 3.87743053819
599 410 4 2.059942149
600 411 4 3.94563466782
601 412 4 2.18415429764
602 413 4 0.105721920696
603 414 4 5.3691084742
604 415 4 3.86921231665
605 416 4 2.04096427375
606 417 4 3.94041850659
607 418 4 2.16629546117
608 419 4 0.0757256409626
609 420 4 2.29792548213
610 421 4 0.261979543968
611 422 4 -2.07975058013
612 423 4 3.93378635167
613 424 4 2.14742220421
614 425 4 0.0466074643403
615 426 4 2.28205829228
616 427 4 0.232216637125
617 428 4 -2.11970536918
618 429 4 0.432954537607
619 430 4 -1.86950408109
620 431 4 -4.46311809244
621 432 4 2.26539409879
622 433 4 0.202589900773
623 434 4 -2.1540656759
624 435 4 0.405941759632
625 436 4 -1.91005906701
626 437 4 -4.50731776205
627 438 4 -1.63297052182
628 439 4 -4.19267345313
629 440 4 -7.01884849977
630 441 4 7.98095883446
631 442 4 7.54291460293
632 443 4 6.72422389194
633 444 4 7.44859438189
634 445 4 6.67439370087
635 446 4 5.54296563705
636 447 4 6.61901951245
637 448 4 5.53731373576
638 449 4 4.11534701549
639 450 4 7.467397025
640 451 4 6.6877617537
641 452 4 5.54769174985
642 453 4 6.6337027535
643 454 4 5.54383355347
644 455 4 4.11106795764
645 456 4 5.5369756541
646 457 4 4.15752993355
647 458 4 2.44904722672
648 459 4 6.64793688635
649 460 4 5.54929482032
650 461 4 4.10599218401
651 462 4 5.54501297187
652 463 4 4.1546111744
653 464 4 2.43409798656
654 465 4 4.20473354473
655 466 4 2.5382847252
656 467 4 0.553675768932
657 468 4 5.55205192299
658 469 4 4.15093964055
659 470 4 2.41824999037
660 471 4 4.2037933482
661 472 4 2.52478729773
662 473 4 0.526954261731
663 474 4 2.63638137855
664 475 4 0.693714092164
665 476 4 -1.55907339437
666 477 4 4.20197228267
667 478 4 2.51050559188
668 479 4 0.49998075812
669 480 4 2.625137442
670 481 4 0.668535444048
671 482 4 -1.59772069975
672 483 4 0.846459781822
673 484 4 -1.36685240141
674 485 4 -3.87781874342
675 486 4 2.61290199499
676 487 4 0.641931124357
677 488 4 -1.6350234771
678 489 4 0.823750354702
679 490 4 -1.4043367231
680 491 4 -3.92690735709
681 492 4 -1.15297415413
682 493 4 -3.62940182185
683 494 4 -6.38823894535
684 495 4 0.800072719498
685 496 4 -1.4412307533
686 497 4 -3.96909593182
687 498 4 -1.18787849805
688 499 4 -3.67770475317
689 500 4 -6.44050209635
690 501 4 -3.34472684468
691 502 4 -6.0741363022
692 503 4 -9.05957730647
693 504 4 7.44895876562
694 505 4 6.7784771534
695 506 4 5.74613465735
696 507 4 6.71103901905
697 508 4 5.7247836012
698 509 4 4.39500704369
699 510 4 5.70109373398
700 511 4 4.42163865305
701 512 4 2.81326302026
702 513 4 6.72801834749
703 514 4 5.73424235233
704 515 4 4.39410240261
705 516 4 5.71303245993
706 517 4 4.423416282
707 518 4 2.80246372335
708 519 4 4.45353389995
709 520 4 2.88543629466
710 521 4 0.998068743189
711 522 4 5.72406580818
712 523 4 4.4243081087
713 524 4 2.7906942964
714 525 4 4.45824063517
715 526 4 2.87708614366
716 527 4 0.975019079056
717 528 4 2.96761097277
718 529 4 1.12011639496
719 530 4 -1.03872459205
720 531 4 4.46110550716
721 532 4 2.86743010582
722 533 4 0.951758986094
723 534 4 2.96182222898
724 535 4 1.09999992958
725 536 4 -1.07409613946
726 537 4 1.25559019494
727 538 4 -0.86455016412
728 539 4 -3.2862872231
729 540 4 2.95452150119
730 541 4 1.07894476655
731 542 4 -1.10938360649
732 543 4 1.23816745018
733 544 4 -0.897007856068
734 545 4 -3.33455568915
735 546 4 -0.67101233823
736 547 4 -3.05814859884
737 548 4 -5.73345599733
738 549 4 1.21963341677
739 550 4 -0.930382265401
740 551 4 -3.38019592461
741 552 4 -0.700362574902
742 553 4 -3.10343947029
743 554 4 -5.79242975341
744 555 4 -2.80014727168
745 556 4 -5.44660262739
746 557 4 -8.36552779139
747 558 4 -0.731020145674
748 559 4 -3.14782261385
749 560 4 -5.84282678384
750 561 4 -2.8423463864
751 562 4 -5.50289534477
752 563 4 -8.4276639812
753 564 4 -5.11086938972
754 565 4 -8.00662644449
755 566 4 -11.1462471531
756 567 4 8.06835333242
757 568 4 7.6157105148
758 569 4 6.77725906718
759 570 4 7.52315080978
760 571 4 6.73228594459
761 572 4 5.57979137177
762 573 4 6.68015589192
763 574 4 5.57979572438
764 575 4 4.1358183204
765 576 4 7.54199133057
766 577 4 6.74480354197
767 578 4 5.58407623563
768 579 4 6.69467993059
769 580 4 5.58571423876
770 581 4 4.13102070235
771 582 4 5.58331509278
772 583 4 4.18411799579
773 584 4 2.45283221884
774 585 4 6.70822150702
775 586 4 5.59025013709
776 587 4 4.12526138211
777 588 4 5.59079400299
778 589 4 4.18040201847
779 590 4 2.43748460717
780 591 4 4.23587860614
781 592 4 2.54898467357
782 593 4 0.541341810282
783 594 4 5.5974924776
784 595 4 4.17564600929
785 596 4 2.42103268204
786 597 4 4.2342144966
787 598 4 2.53454608715
788 599 4 0.51397277311
789 600 4 2.65205392131
790 601 4 0.688483024312
791 602 4 -1.58739235048
792 603 4 4.23101627548
793 604 4 2.51902505431
794 605 4 0.486510949054
795 606 4 2.63991264259
796 607 4 0.662227863089
797 608 4 -1.62621457138
798 609 4 0.846533609461
799 610 4 -1.38702062876
800 611 4 -3.92063064377
801 612 4 2.62648948499
802 613 4 0.635300143977
803 614 4 -1.66328230617
804 615 4 0.82278020426
805 616 4 -1.42602768822
806 617 4 -3.96915564787
807 618 4 -1.16828757842
808 619 4 -3.6647300294
809 620 4 -6.4441355913
810 621 4 0.798081356176
811 622 4 -1.46378736166
812 623 4 -4.0092260501
813 624 4 -1.204019786
814 625 4 -3.71425111877
815 626 4 -6.49340170358
816 627 4 -3.37479436241
817 628 4 -6.12360909789
818 629 4 -9.12389600309
819 630 4 7.52972599735
820 631 4 6.84308492328
821 632 4 5.79041210413
822 633 4 6.77845949041
823 634 4 5.77428780528
824 635 4 4.42264778894
825 636 4 5.75462468751
826 637 4 4.45576829572
827 638 4 2.82428384141
828 639 4 6.79519340435
829 640 4 5.78289608532
830 641 4 4.42108813241
831 642 4 5.76615234809
832 643 4 4.45685159809
833 644 4 2.8133556105
834 645 4 4.49273548743
835 646 4 2.90356623021
836 647 4 0.992306617958
837 648 4 5.77649002949
838 649 4 4.45682187218
839 650 4 2.80100965795
840 651 4 4.49606423319
841 652 4 2.89438548702
842 653 4 0.969458342235
843 654 4 2.99053489042
844 655 4 1.12219338422
845 656 4 -1.06046772486
846 657 4 4.49815046061
847 658 4 2.88360234297
848 659 4 0.945726329834
849 660 4 2.98393838199
850 661 4 1.10139096595
851 662 4 -1.09625222906
852 663 4 1.26272649235
853 664 4 -0.87920973561
854 665 4 -3.32363599645
855 666 4 2.97558700853
856 667 4 1.07913908797
857 668 4 -1.1318564356
858 669 4 1.24474767669
859 670 4 -0.912914231877
860 671 4 -3.37171349711
861 672 4 -0.679398211137
862 673 4 -3.0873409628
863 674 4 -5.78540756275
864 675 4 1.22511786511
865 676 4 -0.946427011876
866 677 4 -3.41725383655
867 678 4 -0.710117234189
868 679 4 -3.13368079886
869 680 4 -5.84360805561
870 681 4 -2.82374855459
871 682 4 -5.49066512721
872 683 4 -8.4301401545
873 684 4 -0.741608166943
874 685 4 -3.17922235194
875 686 4 -5.89177166819
876 687 4 -2.86695700155
877 688 4 -5.54826537601
878 689 4 -8.4885793674
879 690 4 -5.15025487518
880 691 4 -8.06548734715
881 692 4 -11.2203500626
882 693 4 6.87041510498
883 694 4 5.96799536653
884 695 4 4.71413509397
885 696 4 5.93357646646
886 697 4 4.72951212267
887 698 4 3.18989215203
888 699 4 4.74439865334
889 700 4 3.25754993735
890 701 4 1.44804685446
891 702 4 5.94804268358
892 703 4 4.73428067384
893 704 4 3.18211827434
894 705 4 4.75247976035
895 706 4 3.25380013825
896 707 4 1.42935171072
897 708 4 3.32848396467
898 709 4 1.55887923598
899 710 4 -0.525331747238
900 711 4 4.76063556857
901 712 4 3.24847152056
902 713 4 1.4099362606
903 714 4 3.32676937555
904 715 4 1.543493684
905 716 4 -0.556780440029
906 717 4 1.68139887995
907 718 4 -0.363513899214
908 719 4 -2.71291581834
909 720 4 3.32426018791
910 721 4 1.52679862137
911 722 4 -0.588770536628
912 723 4 1.66924089705
913 724 4 -0.391453381097
914 725 4 -2.75811535561
915 726 4 -0.183011451913
916 727 4 -2.49692322948
917 728 4 -5.10463100514
918 729 4 1.65547523939
919 730 4 -0.420796561811
920 731 4 -2.80234653295
921 732 4 -0.207461931367
922 733 4 -2.53843977587
923 734 4 -5.16293517451
924 735 4 -2.25503926991
925 736 4 -4.83161420278
926 737 4 -7.68963780932
927 738 4 -0.233641947447
928 739 4 -2.58109515051
929 740 4 -5.21754436372
930 741 4 -2.29304612292
931 742 4 -4.88642493848
932 743 4 -7.75837698544
933 744 4 -4.52263840871
934 745 4 -7.35505668383
935 746 4 -10.4499545201
936 747 4 -2.33179214172
937 748 4 -4.94012637503
938 749 4 -7.81501128143
939 750 4 -4.5737523792
940 751 4 -7.42131768249
941 752 4 -10.517916582
942 753 4 -6.96114843249
943 754 4 -10.0376595099
944 755 4 -13.3388617249
945 756 4 7.61281549226
946 757 4 6.9087466352
947 758 4 5.83517654389
948 759 4 6.84728972985
949 760 4 5.8239930048
950 761 4 4.45041361536
951 762 4 5.80872911877
952 763 4 4.48997690821
953 764 4 2.83533746054
954 765 4 6.86366405518
955 766 4 5.83211353357
956 767 4 4.44846767099
957 768 4 5.81949161953
958 769 4 4.49041162247
959 770 4 2.82401815741
960 771 4 4.53132429833
961 772 4 2.92143020484
962 773 4 0.987290871549
963 774 4 5.82927436435
964 775 4 4.48965598127
965 776 4 2.8113657593
966 777 4 4.53405780184
967 778 4 2.9123619802
968 779 4 0.963714138955
969 780 4 3.01323276229
970 781 4 1.12408365753
971 782 4 -1.08160801776
972 783 4 4.53488264344
973 784 4 2.90104207064
974 785 4 0.939196256417
975 786 4 3.00586063965
976 787 4 1.10201426843
977 788 4 -1.11770596115
978 789 4 1.26967718222
979 790 4 -0.893015930194
980 791 4 -3.3599681245
981 792 4 2.99688516811
982 793 4 1.07891268674
983 794 4 -1.15386546569
984 795 4 1.25049286502
985 796 4 -0.927817553952
986 797 4 -3.40853410845
987 798 4 -0.687731268274
988 799 4 -3.11659712799
989 800 4 -5.83655412656
990 801 4 1.23016217228
991 802 4 -0.963135439937
992 803 4 -3.45385404011
993 804 4 -0.719500080246
994 805 4 -3.16406051834
995 806 4 -5.89362646396
996 807 4 -2.84733110698
997 808 4 -5.53427564477
998 809 4 -8.4922671515
999 810 4 -0.75212496526
1000 811 4 -3.2103725736
1001 812 4 -5.93780153781
1002 813 4 -2.89174246324
1003 814 4 -5.59270220659
1004 815 4 -8.54494685721
1005 816 4 -5.1890753911
1006 817 4 -8.12153414708
1007 818 4 -11.284609368
1008 819 4 6.94402288461
1009 820 4 6.02348022443
1010 821 4 4.747583353
1011 822 4 5.99255126536
1012 823 4 4.76888014049
1013 824 4 3.20640580219
1014 825 4 4.78822935716
1015 826 4 3.28106750341
1016 827 4 1.44770889412
1017 828 4 6.00672204684
1018 829 4 4.77298151613
1019 830 4 3.19839452573
1020 831 4 4.7969434284
1021 832 4 3.27653534047
1022 833 4 1.42899976864
1023 834 4 3.35577290433
1024 835 4 1.56589343659
1025 836 4 -0.542100718995
1026 837 4 4.80346990991
1027 838 4 3.27058136871
1028 839 4 1.40911965296
1029 840 4 3.35410183867
1030 841 4 1.54979665789
1031 842 4 -0.573902189607
1032 843 4 1.69334375196
1033 844 4 -0.372653649521
1034 845 4 -2.74578102337
1035 846 4 3.35093332415
1036 847 4 1.53235528511
1037 848 4 -0.606264495916
1038 849 4 1.68049855366
1039 850 4 -0.401683826274
1040 851 4 -2.7909413838
1041 852 4 -0.186769816169
1042 853 4 -2.52168951106
1043 854 4 -5.1527476529
1044 855 4 1.66605142292
1045 856 4 -0.431893392976
1046 857 4 -2.83537585864
1047 858 4 -0.212334865429
1048 859 4 -2.56421841574
1049 860 4 -5.21071532282
1050 861 4 -2.2742555608
1051 862 4 -4.87144481917
1052 863 4 -7.75169782344
1053 864 4 -0.239380152387
1054 865 4 -2.60724170634
1055 866 4 -5.26479930418
1056 867 4 -2.3132169145
1057 868 4 -4.9275418613
1058 869 4 -7.8191559208
1059 870 4 -4.55676443499
1060 871 4 -7.40912789582
1061 872 4 -10.5235393817
1062 873 4 -2.35304552895
1063 874 4 -4.9820595604
1064 875 4 -7.87100609487
1065 876 4 -4.60923491609
1066 877 4 -7.4762880852
1067 878 4 -10.5845705247
1068 879 4 -7.01039828208
1069 880 4 -10.1048188251
1070 881 4 -13.4142657299
1071 882 4 6.15654761421
1072 883 4 5.04535546893
1073 884 4 3.58822344748
1074 885 4 5.04753048136
1075 886 4 3.64419278439
1076 887 4 1.90977150035
1077 888 4 3.70065620222
1078 889 4 2.02240784816
1079 890 4 0.0260097870876
1080 891 4 5.05782781329
1081 892 4 3.64268831518
1082 893 4 1.89371352757
1083 894 4 3.70333547079
1084 895 4 2.01080009097
1085 896 4 -0.0026967729414
1086 897 4 2.13150670253
1087 898 4 0.174673040463
1088 899 4 -2.08936041651
1089 900 4 3.70461521336
1090 901 4 1.99782342075
1091 902 4 -0.0318315536188
1092 903 4 2.12324501126
1093 904 4 0.150691445916
1094 905 4 -2.13308209368
1095 906 4 0.341539387602
1096 907 4 -1.8849604947
1097 908 4 -4.41053364084
1098 909 4 2.11354178745
1099 910 4 0.124725355236
1100 911 4 -2.17645797527
1101 912 4 0.320519149003
1102 913 4 -1.92465010268
1103 914 4 -4.47033601202
1104 915 4 -1.6576876468
1105 916 4 -4.14844791827
1106 917 4 -6.92616988305
1107 918 4 0.297899338133
1108 919 4 -1.96496789421
1109 920 4 -4.5276743755
1110 921 4 -1.69376023846
1111 922 4 -4.20454081145
1112 923 4 -7.00281020427
1113 924 4 -3.85393045971
1114 925 4 -6.60018806447
1115 926 4 -9.62030037337
1116 927 4 -1.73062636286
1117 928 4 -4.25925231001
1118 929 4 -7.0719864009
1119 930 4 -3.90716925695
1120 931 4 -6.67455022161
1121 932 4 -9.7119386993
1122 933 4 -6.2298722746
1123 934 4 -9.22052060095
1124 935 4 -12.4631330003
1125 936 4 -3.95927880789
1126 937 4 -6.74430982537
1127 938 4 -9.78158820965
1128 939 4 -6.30317502998
1129 940 4 -9.31525570572
1130 941 4 -12.5593976076
1131 942 4 -8.78093837276
1132 943 4 -11.9893179164
1133 944 4 -15.3929125744
1134 945 4 7.01985948477
1135 946 4 6.0796649098
1136 947 4 4.78159272191
1137 948 4 6.05265141683
1138 949 4 4.8087545008
1139 950 4 3.22342245342
1140 951 4 4.8336555955
1141 952 4 3.3048256605
1142 953 4 1.44835738013
1143 954 4 6.06627025806
1144 955 4 4.81231088626
1145 956 4 3.21484082556
1146 957 4 4.840948858
1147 958 4 3.29947847682
1148 959 4 1.429204513
1149 960 4 3.38397169969
1150 961 4 1.57331313621
1151 962 4 -0.558019707959
1152 963 4 4.84698004055
1153 964 4 3.29376771583
1154 965 4 1.40864314568
1155 966 4 3.38156712452
1156 967 4 1.55536151659
1157 968 4 -0.590194752747
1158 969 4 1.70563530238
1159 970 4 -0.381484135711
1160 971 4 -2.77724635439
1161 972 4 3.37771864861
1162 973 4 1.53687584438
1163 974 4 -0.623093477242
1164 975 4 1.69190619926
1165 976 4 -0.411371710346
1166 977 4 -2.82279446582
1167 978 4 -0.190305979983
1168 979 4 -2.54598353438
1169 980 4 -5.19891714303
1170 981 4 1.67650488528
1171 982 4 -0.442545020093
1172 983 4 -2.86768253419
1173 984 4 -0.216645005408
1174 985 4 -2.58980267894
1175 986 4 -5.25699390087
1176 987 4 -2.29318578451
1177 988 4 -4.9111783302
1178 989 4 -7.81042005078
1179 990 4 -0.244747037989
1180 991 4 -2.63387926072
1181 992 4 -5.31056308595
1182 993 4 -2.3333251736
1183 994 4 -4.96791394426
1184 995 4 -7.87735085122
1185 996 4 -4.5904521903
1186 997 4 -7.46130659497
1187 998 4 -10.5918464737
1188 999 4 -2.37416747511
1189 1000 4 -5.02316370928
1190 1001 4 -7.92047022034
1191 1002 4 -4.64411491639
1192 1003 4 -7.52953185401
1193 1004 4 -10.6409084316
1194 1005 4 -7.05551187684
1195 1006 4 -10.1656368272
1196 1007 4 -13.4681105442
1197 1008 4 6.23089112835
1198 1009 4 5.09482551245
1199 1010 4 3.61249227467
1200 1011 4 5.10244883446
1201 1012 4 3.67536198159
1202 1013 4 1.91641297067
1203 1014 4 3.73769632917
1204 1015 4 2.03669591416
1205 1016 4 0.016041124117
1206 1017 4 5.11209390891
1207 1018 4 3.6731531745
1208 1019 4 1.90003592472
1209 1020 4 3.73953713023
1210 1021 4 2.02422984092
1211 1022 4 -0.0127164442616
1212 1023 4 2.15117101008
1213 1024 4 0.173377506202
1214 1025 4 -2.11473442813
1215 1026 4 3.74017592713
1216 1027 4 2.0114119879
1217 1028 4 -0.042288424127
1218 1029 4 2.14204273079
1219 1030 4 0.147502923155
1220 1031 4 -2.15861104346
1221 1032 4 0.345169818245
1222 1033 4 -1.90243423876
1223 1034 4 -4.45014988013
1224 1035 4 2.13148476429
1225 1036 4 0.120536787758
1226 1037 4 -2.202399227
1227 1038 4 0.322886172674
1228 1039 4 -1.94341461293
1229 1040 4 -4.51015412619
1230 1041 4 -1.66908051699
1231 1042 4 -4.18012539918
1232 1043 4 -6.97888986068
1233 1044 4 0.299196817551
1234 1045 4 -1.98490573973
1235 1046 4 -4.56779950201
1236 1047 4 -1.70678449615
1237 1048 4 -4.23771778637
1238 1049 4 -7.05499707641
1239 1050 4 -3.87905798645
1240 1051 4 -6.64461770933
1241 1052 4 -9.68408474065
1242 1053 4 -1.74492063304
1243 1054 4 -4.29437504934
1244 1055 4 -7.12346111094
1245 1056 4 -3.93424106057
1246 1057 4 -6.72054750992
1247 1058 4 -9.77358245828
1248 1059 4 -6.26877908012
1249 1060 4 -9.27902022752
1250 1061 4 -12.5385783215
1251 1062 4 -3.98794157777
1252 1063 4 -6.791326124
1253 1064 4 -9.83301321929
1254 1065 4 -6.34329969067
1255 1066 4 -9.37252319336
1256 1067 4 -12.6149635558
1257 1068 4 -8.83679221476
1258 1069 4 -12.0677952528
1259 1070 4 -15.4636054945
1260 1071 4 5.58040080044
1261 1072 4 4.19950180878
1262 1073 4 2.48637176467
1263 1074 4 4.28602943514
1264 1075 4 2.62732790164
1265 1076 4 0.648468040631
1266 1077 4 2.7822581317
1267 1078 4 0.859527254574
1268 1079 4 -1.37415565693
1269 1080 4 4.27397938424
1270 1081 4 2.60232276586
1271 1082 4 0.608929205911
1272 1083 4 2.75629523338
1273 1084 4 0.817387929379
1274 1085 4 -1.43263663307
1275 1086 4 1.04819997691
1276 1087 4 -1.14639506873
1277 1088 4 -3.64273320508
1278 1089 4 2.72985407718
1279 1090 4 0.777273088095
1280 1091 4 -1.48800154607
1281 1092 4 1.00452360465
1282 1093 4 -1.20729480763
1283 1094 4 -3.72013877108
1284 1095 4 -0.88996291383
1285 1096 4 -3.35099851365
1286 1097 4 -6.10411581865
1287 1098 4 0.964139966147
1288 1099 4 -1.26401344279
1289 1100 4 -3.79167843293
1290 1101 4 -0.953127706507
1291 1102 4 -3.43201537994
1292 1103 4 -6.20099855605
1293 1104 4 -3.01375011396
1294 1105 4 -5.73506510676
1295 1106 4 -8.73671256163
1296 1107 4 -1.01248502088
1297 1108 4 -3.50702455518
1298 1109 4 -6.28962173845
1299 1110 4 -3.10520201609
1300 1111 4 -5.84193474047
1301 1112 4 -8.85672282573
1302 1113 4 -5.28690549648
1303 1114 4 -8.25738655457
1304 1115 4 -11.4905627616
1305 1116 4 -3.18638043715
1306 1117 4 -5.93847217747
1307 1118 4 -8.96039061821
1308 1119 4 -5.41852617318
1309 1120 4 -8.40370991544
1310 1121 4 -11.6432557119
1311 1122 4 -7.57857484188
1312 1123 4 -10.7227826936
1313 1124 4 -13.9587793633
1314 1125 4 -5.53373481713
1315 1126 4 -8.53081618192
1316 1127 4 -11.7514646376
1317 1128 4 -7.74957806408
1318 1129 4 -10.9074008411
1319 1130 4 -14.2518660355
1320 1131 4 -9.22784819853
1321 1132 4 -10.8616308421
1322 1133 4 -18.0083267655
