0 189 4 -8.28807279684
1 190 4 -8.8077825536
2 191 4 -8.80057013853
3 192 4 -8.65380398342
4 193 4 -8.6718499834
5 194 4 -8.26258231419
6 195 4 -8.53548799301
7 196 4 -8.16216058954
8 197 4 -7.39988095396
9 198 4 -8.67664786902
10 199 4 -8.69418504801
11 200 4 -8.28175835754
12 201 4 -8.55717175348
13 202 4 -8.1811734406
14 203 4 -7.41204432301
15 204 4 -8.07114613979
16 205 4 -7.34860440667
17 206 4 -6.26553252483
18 207 4 -8.57889499061
19 208 4 -8.19974017456
20 209 4 -7.42472487538
21 210 4 -8.09018519823
22 211 4 -7.36170796709
23 212 4 -6.27101248484
24 213 4 -7.29319370847
25 214 4 -6.25204876023
26 215 4 -4.86501648001
27 216 4 -8.10881616153
28 217 4 -7.37433492227
29 218 4 -6.27596892217
30 219 4 -7.30671349286
31 220 4 -6.2577925085
32 221 4 -4.86319615156
33 222 4 -6.23617222083
34 223 4 -4.89481217826
35 224 4 -3.22162028803
36 225 4 -7.31969142506
37 226 4 -6.26268444835
38 227 4 -4.85924573882
39 228 4 -6.24271208904
40 229 4 -4.8916440931
41 230 4 -3.20917962415
42 231 4 -4.92396703089
43 232 4 -3.29617176239
44 233 4 -1.34797268481
45 234 4 -6.24834210977
46 235 4 -4.88763897587
47 236 4 -3.19599565613
48 237 4 -4.92185062934
49 238 4 -3.28299614019
50 239 4 -1.325189366
51 240 4 -3.37505197927
52 241 4 -1.47099639487
53 242 4 0.740030809182
54 243 4 -4.91882450204
55 244 4 -3.26910161984
56 245 4 -1.30456637869
57 246 4 -3.36319847513
58 247 4 -1.44758292417
59 248 4 0.770356283585
60 249 4 -1.60661124706
61 250 4 0.563508161635
62 251 4 3.02462844528
63 252 4 -8.37425212263
64 253 4 -8.51236708157
65 254 4 -8.21605218573
66 255 4 -8.37283907149
67 256 4 -8.10530915986
68 257 4 -7.44682337948
69 258 4 -7.99031353603
70 259 4 -7.37345232651
71 260 4 -6.39166597211
72 261 4 -8.3947267892
73 262 4 -8.12731583302
74 263 4 -7.46190534331
75 264 4 -8.01025412062
76 265 4 -7.38715990119
77 266 4 -6.40074555419
78 267 4 -7.30890140128
79 268 4 -6.36627251332
80 269 4 -5.07918037746
81 270 4 -8.0303582308
82 271 4 -7.40222213095
83 272 4 -6.40781900627
84 273 4 -7.3248626658
85 274 4 -6.37539627174
86 275 4 -5.0801384709
87 276 4 -6.34042999481
88 277 4 -5.09553826199
89 278 4 -3.51864044089
90 279 4 -7.34026175758
91 280 4 -6.38371123645
92 281 4 -5.07901280708
93 282 4 -6.35034157786
94 283 4 -5.09579395272
95 284 4 -3.50882931187
96 285 4 -5.11257566885
97 286 4 -3.57844074483
98 287 4 -1.7234552921
99 288 4 -6.35942548033
100 289 4 -5.09549197236
101 290 4 -3.49823371034
102 291 4 -5.11402716784
103 292 4 -3.56911309483
104 293 4 -1.7023905477
105 294 4 -3.64394474118
106 295 4 -1.83059306319
107 296 4 0.29372113369
108 297 4 -5.11473415105
109 298 4 -3.5591398207
110 299 4 -1.6816840299
111 300 4 -3.6355801876
112 301 4 -1.81041742504
113 302 4 0.324882536367
114 303 4 -1.94984927832
115 304 4 0.134820898903
116 305 4 2.51746606501
117 306 4 -3.62705443153
118 307 4 -1.78994516256
119 308 4 0.353225744227
120 309 4 -1.93076041124
121 310 4 0.165651929647
122 311 4 2.55581909992
123 312 4 -0.0457897310334
124 313 4 2.30067419248
125 314 4 4.92757026558
126 315 4 -8.18853688765
127 316 4 -8.03391418956
128 317 4 -7.4797935244
129 318 4 -7.91140828649
130 319 4 -7.39587375317
131 320 4 -6.51261143944
132 321 4 -7.30559394287
133 322 4 -6.46425254521
134 323 4 -5.27813717841
135 324 4 -7.93215350859
136 325 4 -7.41313724487
137 326 4 -6.52279282182
138 327 4 -7.32366865155
139 328 4 -6.4759414877
140 329 4 -5.2822878105
141 330 4 -6.42715260241
142 331 4 -5.28105570673
143 332 4 -3.80280640778
144 333 4 -7.34130026345
145 334 4 -6.4868881397
146 335 4 -5.28434396936
147 336 4 -6.43974656233
148 337 4 -5.28513815487
149 338 4 -3.79605078145
150 339 4 -5.28544596424
151 340 4 -3.8473654001
152 341 4 -2.08749040353
153 342 4 -6.4515856896
154 343 4 -5.28828773538
155 344 4 -3.78812595813
156 345 4 -5.29086622254
157 346 4 -3.84218468343
158 347 4 -2.06942071181
159 348 4 -3.89912347729
160 349 4 -2.17871908622
161 350 4 -0.14624134356
162 351 4 -5.29529885862
163 352 4 -3.83554465537
164 353 4 -2.05095804365
165 354 4 -3.89565512097
166 355 4 -2.16245931243
167 356 4 -0.116988140505
168 357 4 -2.28248488336
169 358 4 -0.287681551017
170 359 4 2.00843125564
171 360 4 -3.89078938525
172 361 4 -2.14540276131
173 362 4 -0.0882467684331
174 363 4 -2.26826790535
175 364 4 -0.260291377765
176 365 4 2.04889761337
177 366 4 -0.448331010566
178 367 4 1.81327483701
179 368 4 4.36296464099
180 369 4 -2.25290314531
181 370 4 -0.232551456676
182 371 4 2.08523444584
183 372 4 -0.423161840973
184 373 4 1.85176715786
185 374 4 4.4104249408
186 375 4 1.58654955169
187 376 4 4.10501845268
188 377 4 6.89389008648
189 378 4 -8.45828559243
190 379 4 -8.5931224467
191 380 4 -8.28296398777
192 381 4 -8.45355777812
193 382 4 -8.17673288197
194 383 4 -7.49829380736
195 384 4 -8.06114867389
196 385 4 -7.4272271057
197 386 4 -6.42719962705
198 387 4 -8.47546974428
199 388 4 -8.19640145883
200 389 4 -7.51317734802
201 390 4 -8.08141084851
202 391 4 -7.44246449173
203 392 4 -6.43609008497
204 393 4 -7.36709764538
205 394 4 -6.40738566249
206 395 4 -5.09887765182
207 396 4 -8.10124381063
208 397 4 -7.45709269222
209 398 4 -6.4430165425
210 399 4 -7.38268679747
211 400 4 -6.41587601781
212 401 4 -5.09951097082
213 402 4 -6.38501901608
214 403 4 -5.12128885447
215 404 4 -3.52243173335
216 405 4 -7.39768210457
217 406 4 -6.4233254389
218 407 4 -5.09777974432
219 408 4 -6.39433668886
220 409 4 -5.12072924806
221 410 4 -3.51206200766
222 411 4 -5.14265854953
223 412 4 -3.5887625183
224 413 4 -1.71078983251
225 414 4 -6.40264568732
226 415 4 -5.11947230491
227 416 4 -3.50062076058
228 417 4 -5.14335908917
229 418 4 -3.57828697126
230 419 4 -1.68961480049
231 420 4 -3.6591206039
232 421 4 -1.82526358773
233 422 4 0.321256836367
234 423 4 -5.14327984237
235 424 4 -3.56724006335
236 425 4 -1.66859974273
237 426 4 -3.65021010497
238 427 4 -1.80400682457
239 428 4 0.352882381891
240 429 4 -1.94981516818
241 430 4 0.155667707245
242 431 4 2.56042520259
243 432 4 -3.64004855564
244 433 4 -1.78254573666
245 434 4 0.380782590014
246 435 4 -1.92959105006
247 436 4 0.187705262113
248 437 4 2.59764733264
249 438 4 -0.0300631663023
250 439 4 2.3372770148
251 440 4 4.98402379382
252 441 4 -8.27222546413
253 442 4 -8.1093596889
254 443 4 -7.54040595703
255 444 4 -7.98890260227
256 445 4 -7.458652517
257 446 4 -6.55622578559
258 447 4 -7.37097465249
259 448 4 -6.51307467807
260 449 4 -5.30611255304
261 450 4 -8.0098381468
262 451 4 -7.47333318819
263 452 4 -6.56616798123
264 453 4 -7.38880133834
265 454 4 -6.52427014972
266 455 4 -5.30924260614
267 456 4 -6.47909120709
268 457 4 -5.31506235362
269 458 4 -3.81452954565
270 459 4 -7.40572339105
271 460 4 -6.53481982763
272 461 4 -5.3118041129
273 462 4 -6.49122021908
274 463 4 -5.31844152176
275 464 4 -3.80765806587
276 465 4 -5.32343950062
277 466 4 -3.8660381202
278 467 4 -2.08290248017
279 468 4 -6.50257594307
280 469 4 -5.32086605327
281 470 4 -3.79951327786
282 471 4 -5.32820004952
283 472 4 -3.85996350533
284 473 4 -2.06503677448
285 474 4 -3.92259191336
286 475 4 -2.18169564051
287 476 4 -0.12565288031
288 477 4 -5.33194164678
289 478 4 -3.85252085518
290 479 4 -2.04623464771
291 480 4 -3.91826519351
292 481 4 -2.16471889425
293 482 4 -0.0960856092111
294 483 4 -2.29025650275
295 484 4 -0.274677070093
296 485 4 2.0442331846
297 486 4 -3.91253702704
298 487 4 -2.14663095713
299 488 4 -0.0675453743275
300 489 4 -2.27572499275
301 490 4 -0.246432939579
302 491 4 2.08433673429
303 492 4 -0.440241056208
304 493 4 1.84120288385
305 494 4 4.41374251113
306 495 4 -2.25937510634
307 496 4 -0.218040719735
308 497 4 2.11995442973
309 498 4 -0.414680079642
310 499 4 1.88079933539
311 500 4 4.4596418283
312 501 4 1.60976166451
313 502 4 4.14929003751
314 503 4 6.95867192774
315 504 4 -7.89712403011
316 505 4 -7.47218121497
317 506 4 -6.67348726013
318 507 4 -7.37697142316
319 508 4 -6.61764037604
320 509 4 -5.50634634304
321 510 4 -6.55913458982
322 511 4 -5.49510863102
323 512 4 -4.09489600031
324 513 4 -7.39618671063
325 514 4 -6.6310330861
326 515 4 -5.51138843127
327 516 4 -6.57415915982
328 517 4 -5.50221409973
329 518 4 -4.09126745333
330 519 4 -5.49102615328
331 520 4 -4.13079230588
332 521 4 -2.44520581368
333 522 4 -6.58850678243
334 523 4 -5.50839662834
335 524 4 -4.0868310089
336 525 4 -5.49960070387
337 526 4 -4.12893557752
338 527 4 -2.4308550037
339 528 4 -4.17351882186
340 529 4 -2.52731369601
341 530 4 -0.566171925215
342 531 4 -5.50721323929
343 532 4 -4.12608037835
344 533 4 -2.41585242106
345 534 4 -4.17341739778
346 535 4 -2.51516104494
347 536 4 -0.539652087382
348 537 4 -2.62033310915
349 538 4 -0.697736968484
350 539 4 1.53059253002
351 540 4 -4.17241070711
352 541 4 -2.50189343058
353 542 4 -0.51349644127
354 543 4 -2.61037499013
355 544 4 -0.673810773056
356 545 4 1.56921379357
357 546 4 -0.845868216966
358 547 4 1.34640823873
359 548 4 3.8338119524
360 549 4 -2.59919476574
361 550 4 -0.649300703729
362 551 4 1.60622932223
363 552 4 -0.824224477735
364 553 4 1.38251056382
365 554 4 3.88331974339
366 555 4 1.1380929408
367 556 4 3.59325132667
368 557 4 6.3294135316
369 558 4 -0.801966606173
370 559 4 1.4184336703
371 560 4 3.92713509525
372 561 4 1.17161509684
373 562 4 3.64056039173
374 563 4 6.38492005718
375 564 4 3.31325825943
376 565 4 6.0222080176
377 566 4 8.9892576696
378 567 4 -8.360440755
379 568 4 -8.18655543826
380 569 4 -7.60034065395
381 570 4 -8.0678399388
382 571 4 -7.52039037635
383 572 4 -6.60024702708
384 573 4 -7.4372269422
385 574 4 -6.56243676429
386 575 4 -5.33421390076
387 576 4 -8.08834592338
388 577 4 -7.53701618696
389 578 4 -6.61000826611
390 579 4 -7.45444772085
391 580 4 -6.57313389491
392 581 4 -5.33730588255
393 582 4 -6.53168080924
394 583 4 -5.34909224788
395 584 4 -3.82645458467
396 585 4 -7.47143344195
397 586 4 -6.58345276888
398 587 4 -5.3392065687
399 588 4 -6.54334390698
400 589 4 -5.35175320601
401 590 4 -3.81901362197
402 591 4 -5.36155473553
403 592 4 -3.88441022947
404 593 4 -2.07840468055
405 594 4 -6.5545834655
406 595 4 -5.35344004643
407 596 4 -3.81045464567
408 597 4 -5.36563986578
409 598 4 -3.87743053819
410 599 4 -2.059942149
411 600 4 -3.94563466782
412 601 4 -2.18415429764
413 602 4 -0.105721920696
414 603 4 -5.3691084742
415 604 4 -3.86921231665
416 605 4 -2.04096427375
417 606 4 -3.94041850659
418 607 4 -2.16629546117
419 608 4 -0.0757256409626
420 609 4 -2.29792548213
421 610 4 -0.261979543968
422 611 4 2.07975058013
423 612 4 -3.93378635167
424 613 4 -2.14742220421
425 614 4 -0.0466074643403
426 615 4 -2.28205829228
427 616 4 -0.232216637125
428 617 4 2.11970536918
429 618 4 -0.432954537607
430 619 4 1.86950408109
431 620 4 4.46311809244
432 621 4 -2.26539409879
433 622 4 -0.202589900773
434 623 4 2.1540656759
435 624 4 -0.405941759632
436 625 4 1.91005906701
437 626 4 4.50731776205
438 627 4 1.63297052182
439 628 4 4.19267345313
440 629 4 7.01884849977
441 630 4 -7.98095883446
442 631 4 -7.54291460293
443 632 4 -6.72422389194
444 633 4 -7.44859438189
445 634 4 -6.67439370087
446 635 4 -5.54296563705
447 636 4 -6.61901951245
448 637 4 -5.53731373576
449 638 4 -4.11534701549
450 639 4 -7.467397025
451 640 4 -6.6877617537
452 641 4 -5.54769174985
453 642 4 -6.6337027535
454 643 4 -5.54383355347
455 644 4 -4.11106795764
456 645 4 -5.5369756541
457 646 4 -4.15752993355
458 647 4 -2.44904722672
459 648 4 -6.64793688635
460 649 4 -5.54929482032
461 650 4 -4.10599218401
462 651 4 -5.54501297187
463 652 4 -4.1546111744
464 653 4 -2.43409798656
465 654 4 -4.20473354473
466 655 4 -2.5382847252
467 656 4 -0.553675768932
468 657 4 -5.55205192299
469 658 4 -4.15093964055
470 659 4 -2.41824999037
471 660 4 -4.2037933482
472 661 4 -2.52478729773
473 662 4 -0.526954261731
474 663 4 -2.63638137855
475 664 4 -0.693714092164
476 665 4 1.55907339437
477 666 4 -4.20197228267
478 667 4 -2.51050559188
479 668 4 -0.49998075812
480 669 4 -2.625137442
481 670 4 -0.668535444048
482 671 4 1.59772069975
483 672 4 -0.846459781822
484 673 4 1.36685240141
485 674 4 3.87781874342
486 675 4 -2.61290199499
487 676 4 -0.641931124357
488 677 4 1.6350234771
489 678 4 -0.823750354702
490 679 4 1.4043367231
491 680 4 3.92690735709
492 681 4 1.15297415413
493 682 4 3.62940182185
494 683 4 6.38823894535
495 684 4 -0.800072719498
496 685 4 1.4412307533
497 686 4 3.96909593182
498 687 4 1.18787849805
499 688 4 3.67770475317
500 689 4 6.44050209635
501 690 4 3.34472684468
502 691 4 6.0741363022
503 692 4 9.05957730647
504 693 4 -7.44895876562
505 694 4 -6.7784771534
506 695 4 -5.74613465735
507 696 4 -6.71103901905
508 697 4 -5.7247836012
509 698 4 -4.39500704369
510 699 4 -5.70109373398
511 700 4 -4.42163865305
512 701 4 -2.81326302026
513 702 4 -6.72801834749
514 703 4 -5.73424235233
515 704 4 -4.39410240261
516 705 4 -5.71303245993
517 706 4 -4.423416282
518 707 4 -2.80246372335
519 708 4 -4.45353389995
520 709 4 -2.88543629466
521 710 4 -0.998068743189
522 711 4 -5.72406580818
523 712 4 -4.4243081087
524 713 4 -2.7906942964
525 714 4 -4.45824063517
526 715 4 -2.87708614366
527 716 4 -0.975019079056
528 717 4 -2.96761097277
529 718 4 -1.12011639496
530 719 4 1.03872459205
531 720 4 -4.46110550716
532 721 4 -2.86743010582
533 722 4 -0.951758986094
534 723 4 -2.96182222898
535 724 4 -1.09999992958
536 725 4 1.07409613946
537 726 4 -1.25559019494
538 727 4 0.86455016412
539 728 4 3.2862872231
540 729 4 -2.95452150119
541 730 4 -1.07894476655
542 731 4 1.10938360649
543 732 4 -1.23816745018
544 733 4 0.897007856068
545 734 4 3.33455568915
546 735 4 0.67101233823
547 736 4 3.05814859884
548 737 4 5.73345599733
549 738 4 -1.21963341677
550 739 4 0.930382265401
551 740 4 3.38019592461
552 741 4 0.700362574902
553 742 4 3.10343947029
554 743 4 5.79242975341
555 744 4 2.80014727168
556 745 4 5.44660262739
557 746 4 8.36552779139
558 747 4 0.731020145674
559 748 4 3.14782261385
560 749 4 5.84282678384
561 750 4 2.8423463864
562 751 4 5.50289534477
563 752 4 8.4276639812
564 753 4 5.11086938972
565 754 4 8.00662644449
566 755 4 11.1462471531
567 756 4 -8.06835333242
568 757 4 -7.6157105148
569 758 4 -6.77725906718
570 759 4 -7.52315080978
571 760 4 -6.73228594459
572 761 4 -5.57979137177
573 762 4 -6.68015589192
574 763 4 -5.57979572438
575 764 4 -4.1358183204
576 765 4 -7.54199133057
577 766 4 -6.74480354197
578 767 4 -5.58407623563
579 768 4 -6.69467993059
580 769 4 -5.58571423876
581 770 4 -4.13102070235
582 771 4 -5.58331509278
583 772 4 -4.18411799579
584 773 4 -2.45283221884
585 774 4 -6.70822150702
586 775 4 -5.59025013709
587 776 4 -4.12526138211
588 777 4 -5.59079400299
589 778 4 -4.18040201847
590 779 4 -2.43748460717
591 780 4 -4.23587860614
592 781 4 -2.54898467357
593 782 4 -0.541341810282
594 783 4 -5.5974924776
595 784 4 -4.17564600929
596 785 4 -2.42103268204
597 786 4 -4.2342144966
598 787 4 -2.53454608715
599 788 4 -0.51397277311
600 789 4 -2.65205392131
601 790 4 -0.688483024312
602 791 4 1.58739235048
603 792 4 -4.23101627548
604 793 4 -2.51902505431
605 794 4 -0.486510949054
606 795 4 -2.63991264259
607 796 4 -0.662227863089
608 797 4 1.62621457138
609 798 4 -0.846533609461
610 799 4 1.38702062876
611 800 4 3.92063064377
612 801 4 -2.62648948499
613 802 4 -0.635300143977
614 803 4 1.66328230617
615 804 4 -0.82278020426
616 805 4 1.42602768822
617 806 4 3.96915564787
618 807 4 1.16828757842
619 808 4 3.6647300294
620 809 4 6.4441355913
621 810 4 -0.798081356176
622 811 4 1.46378736166
623 812 4 4.0092260501
624 813 4 1.204019786
625 814 4 3.71425111877
626 815 4 6.49340170358
627 816 4 3.37479436241
628 817 4 6.12360909789
629 818 4 9.12389600309
630 819 4 -7.52972599735
631 820 4 -6.84308492328
632 821 4 -5.79041210413
633 822 4 -6.77845949041
634 823 4 -5.77428780528
635 824 4 -4.42264778894
636 825 4 -5.75462468751
637 826 4 -4.45576829572
638 827 4 -2.82428384141
639 828 4 -6.79519340435
640 829 4 -5.78289608532
641 830 4 -4.42108813241
642 831 4 -5.76615234809
643 832 4 -4.45685159809
644 833 4 -2.8133556105
645 834 4 -4.49273548743
646 835 4 -2.90356623021
647 836 4 -0.992306617958
648 837 4 -5.77649002949
649 838 4 -4.45682187218
650 839 4 -2.80100965795
651 840 4 -4.49606423319
652 841 4 -2.89438548702
653 842 4 -0.969458342235
654 843 4 -2.99053489042
655 844 4 -1.12219338422
656 845 4 1.06046772486
657 846 4 -4.49815046061
658 847 4 -2.88360234297
659 848 4 -0.945726329834
660 849 4 -2.98393838199
661 850 4 -1.10139096595
662 851 4 1.09625222906
663 852 4 -1.26272649235
664 853 4 0.87920973561
665 854 4 3.32363599645
666 855 4 -2.97558700853
667 856 4 -1.07913908797
668 857 4 1.1318564356
669 858 4 -1.24474767669
670 859 4 0.912914231877
671 860 4 3.37171349711
672 861 4 0.679398211137
673 862 4 3.0873409628
674 863 4 5.78540756275
675 864 4 -1.22511786511
676 865 4 0.946427011876
677 866 4 3.41725383655
678 867 4 0.710117234189
679 868 4 3.13368079886
680 869 4 5.84360805561
681 870 4 2.82374855459
682 871 4 5.49066512721
683 872 4 8.4301401545
684 873 4 0.741608166943
685 874 4 3.17922235194
686 875 4 5.89177166819
687 876 4 2.86695700155
688 877 4 5.54826537601
689 878 4 8.4885793674
690 879 4 5.15025487518
691 880 4 8.06548734715
692 881 4 11.2203500626
693 882 4 -6.87041510498
694 883 4 -5.96799536653
695 884 4 -4.71413509397
696 885 4 -5.93357646646
697 886 4 -4.72951212267
698 887 4 -3.18989215203
699 888 4 -4.74439865334
700 889 4 -3.25754993735
701 890 4 -1.44804685446
702 891 4 -5.94804268358
703 892 4 -4.73428067384
704 893 4 -3.18211827434
705 894 4 -4.75247976035
706 895 4 -3.25380013825
707 896 4 -1.42935171072
708 897 4 -3.32848396467
709 898 4 -1.55887923598
710 899 4 0.525331747238
711 900 4 -4.76063556857
712 901 4 -3.24847152056
713 902 4 -1.4099362606
714 903 4 -3.32676937555
715 904 4 -1.543493684
716 905 4 0.556780440029
717 906 4 -1.68139887995
718 907 4 0.363513899214
719 908 4 2.71291581834
720 909 4 -3.32426018791
721 910 4 -1.52679862137
722 911 4 0.588770536628
723 912 4 -1.66924089705
724 913 4 0.391453381097
725 914 4 2.75811535561
726 915 4 0.183011451913
727 916 4 2.49692322948
728 917 4 5.10463100514
729 918 4 -1.65547523939
730 919 4 0.420796561811
731 920 4 2.80234653295
732 921 4 0.207461931367
733 922 4 2.53843977587
734 923 4 5.16293517451
735 924 4 2.25503926991
736 925 4 4.83161420278
737 926 4 7.68963780932
738 927 4 0.233641947447
739 928 4 2.58109515051
740 929 4 5.21754436372
741 930 4 2.29304612292
742 931 4 4.88642493848
743 932 4 7.75837698544
744 933 4 4.52263840871
745 934 4 7.35505668383
746 935 4 10.4499545201
747 936 4 2.33179214172
748 937 4 4.94012637503
749 938 4 7.81501128143
750 939 4 4.5737523792
751 940 4 7.42131768249
752 941 4 10.517916582
753 942 4 6.96114843249
754 943 4 10.0376595099
755 944 4 13.3388617249
756 945 4 -7.61281549226
757 946 4 -6.9087466352
758 947 4 -5.83517654389
759 948 4 -6.84728972985
760 949 4 -5.8239930048
761 950 4 -4.45041361536
762 951 4 -5.80872911877
763 952 4 -4.48997690821
764 953 4 -2.83533746054
765 954 4 -6.86366405518
766 955 4 -5.83211353357
767 956 4 -4.44846767099
768 957 4 -5.81949161953
769 958 4 -4.49041162247
770 959 4 -2.82401815741
771 960 4 -4.53132429833
772 961 4 -2.92143020484
773 962 4 -0.987290871549
774 963 4 -5.82927436435
775 964 4 -4.48965598127
776 965 4 -2.8113657593
777 966 4 -4.53405780184
778 967 4 -2.9123619802
779 968 4 -0.963714138955
780 969 4 -3.01323276229
781 970 4 -1.12408365753
782 971 4 1.08160801776
783 972 4 -4.53488264344
784 973 4 -2.90104207064
785 974 4 -0.939196256417
786 975 4 -3.00586063965
787 976 4 -1.10201426843
788 977 4 1.11770596115
789 978 4 -1.26967718222
790 979 4 0.893015930194
791 980 4 3.3599681245
792 981 4 -2.99688516811
793 982 4 -1.07891268674
794 983 4 1.15386546569
795 984 4 -1.25049286502
796 985 4 0.927817553952
797 986 4 3.40853410845
798 987 4 0.687731268274
799 988 4 3.11659712799
800 989 4 5.83655412656
801 990 4 -1.23016217228
802 991 4 0.963135439937
803 992 4 3.45385404011
804 993 4 0.719500080246
805 994 4 3.16406051834
806 995 4 5.89362646396
807 996 4 2.84733110698
808 997 4 5.53427564477
809 998 4 8.4922671515
810 999 4 0.75212496526
811 1000 4 3.2103725736
812 1001 4 5.93780153781
813 1002 4 2.89174246324
814 1003 4 5.59270220659
815 1004 4 8.54494685721
816 1005 4 5.1890753911
817 1006 4 8.12153414708
818 1007 4 11.284609368
819 1008 4 -6.94402288461
820 1009 4 -6.02348022443
821 1010 4 -4.747583353
822 1011 4 -5.99255126536
823 1012 4 -4.76888014049
824 1013 4 -3.20640580219
825 1014 4 -4.78822935716
826 1015 4 -3.28106750341
827 1016 4 -1.44770889412
828 1017 4 -6.00672204684
829 1018 4 -4.77298151613
830 1019 4 -3.19839452573
831 1020 4 -4.7969434284
832 1021 4 -3.27653534047
833 1022 4 -1.42899976864
834 1023 4 -3.35577290433
835 1024 4 -1.56589343659
836 1025 4 0.542100718995
837 1026 4 -4.80346990991
838 1027 4 -3.27058136871
839 1028 4 -1.40911965296
840 1029 4 -3.35410183867
841 1030 4 -1.54979665789
842 1031 4 0.573902189607
843 1032 4 -1.69334375196
844 1033 4 0.372653649521
845 1034 4 2.74578102337
846 1035 4 -3.35093332415
847 1036 4 -1.53235528511
848 1037 4 0.606264495916
849 1038 4 -1.68049855366
850 1039 4 0.401683826274
851 1040 4 2.7909413838
852 1041 4 0.186769816169
853 1042 4 2.52168951106
854 1043 4 5.1527476529
855 1044 4 -1.66605142292
856 1045 4 0.431893392976
857 1046 4 2.83537585864
858 1047 4 0.212334865429
859 1048 4 2.56421841574
860 1049 4 5.21071532282
861 1050 4 2.2742555608
862 1051 4 4.87144481917
863 1052 4 7.75169782344
864 1053 4 0.239380152387
865 1054 4 2.60724170634
866 1055 4 5.26479930418
867 1056 4 2.3132169145
868 1057 4 4.9275418613
869 1058 4 7.8191559208
870 1059 4 4.55676443499
871 1060 4 7.40912789582
872 1061 4 10.5235393817
873 1062 4 2.35304552895
874 1063 4 4.9820595604
875 1064 4 7.87100609487
876 1065 4 4.60923491609
877 1066 4 7.4762880852
878 1067 4 10.5845705247
879 1068 4 7.01039828208
880 1069 4 10.1048188251
881 1070 4 13.4142657299
882 1071 4 -6.15654761421
883 1072 4 -5.04535546893
884 1073 4 -3.58822344748
885 1074 4 -5.04753048136
886 1075 4 -3.64419278439
887 1076 4 -1.90977150035
888 1077 4 -3.70065620222
889 1078 4 -2.02240784816
890 1079 4 -0.0260097870876
891 1080 4 -5.05782781329
892 1081 4 -3.64268831518
893 1082 4 -1.89371352757
894 1083 4 -3.70333547079
895 1084 4 -2.01080009097
896 1085 4 0.0026967729414
897 1086 4 -2.13150670253
898 1087 4 -0.174673040463
899 1088 4 2.08936041651
900 1089 4 -3.70461521336
901 1090 4 -1.99782342075
902 1091 4 0.0318315536188
903 1092 4 -2.12324501126
904 1093 4 -0.150691445916
905 1094 4 2.13308209368
906 1095 4 -0.341539387602
907 1096 4 1.8849604947
908 1097 4 4.41053364084
909 1098 4 -2.11354178745
910 1099 4 -0.124725355236
911 1100 4 2.17645797527
912 1101 4 -0.320519149003
913 1102 4 1.92465010268
914 1103 4 4.47033601202
915 1104 4 1.6576876468
916 1105 4 4.14844791827
917 1106 4 6.92616988305
918 1107 4 -0.297899338133
919 1108 4 1.96496789421
920 1109 4 4.5276743755
921 1110 4 1.69376023846
922 1111 4 4.20454081145
923 1112 4 7.00281020427
924 1113 4 3.85393045971
925 1114 4 6.60018806447
926 1115 4 9.62030037337
927 1116 4 1.73062636286
928 1117 4 4.25925231001
929 1118 4 7.0719864009
930 1119 4 3.90716925695
931 1120 4 6.67455022161
932 1121 4 9.7119386993
933 1122 4 6.2298722746
934 1123 4 9.22052060095
935 1124 4 12.4631330003
936 1125 4 3.95927880789
937 1126 4 6.74430982537
938 1127 4 9.78158820965
939 1128 4 6.30317502998
940 1129 4 9.31525570572
941 1130 4 12.5593976076
942 1131 4 8.78093837276
943 1132 4 11.9893179164
944 1133 4 15.3929125744
945 1134 4 -7.01985948477
946 1135 4 -6.0796649098
947 1136 4 -4.78159272191
948 1137 4 -6.05265141683
949 1138 4 -4.8087545008
950 1139 4 -3.22342245342
951 1140 4 -4.8336555955
952 1141 4 -3.3048256605
953 1142 4 -1.44835738013
954 1143 4 -6.06627025806
955 1144 4 -4.81231088626
956 1145 4 -3.21484082556
957 1146 4 -4.840948858
958 1147 4 -3.29947847682
959 1148 4 -1.429204513
960 1149 4 -3.38397169969
961 1150 4 -1.57331313621
962 1151 4 0.558019707959
963 1152 4 -4.84698004055
964 1153 4 -3.29376771583
965 1154 4 -1.40864314568
966 1155 4 -3.38156712452
967 1156 4 -1.55536151659
968 1157 4 0.590194752747
969 1158 4 -1.70563530238
970 1159 4 0.381484135711
971 1160 4 2.77724635439
972 1161 4 -3.37771864861
973 1162 4 -1.53687584438
974 1163 4 0.623093477242
975 1164 4 -1.69190619926
976 1165 4 0.411371710346
977 1166 4 2.82279446582
978 1167 4 0.190305979983
979 1168 4 2.54598353438
980 1169 4 5.19891714303
981 1170 4 -1.67650488528
982 1171 4 0.442545020093
983 1172 4 2.86768253419
984 1173 4 0.216645005408
985 1174 4 2.58980267894
986 1175 4 5.25699390087
987 1176 4 2.29318578451
988 1177 4 4.9111783302
989 1178 4 7.81042005078
990 1179 4 0.244747037989
991 1180 4 2.63387926072
992 1181 4 5.31056308595
993 1182 4 2.3333251736
994 1183 4 4.96791394426
995 1184 4 7.87735085122
996 1185 4 4.5904521903
997 1186 4 7.46130659497
998 1187 4 10.5918464737
999 1188 4 2.37416747511
1000 1189 4 5.02316370928
1001 1190 4 7.92047022034
1002 1191 4 4.64411491639
1003 1192 4 7.52953185401
1004 1193 4 10.6409084316
1005 1194 4 7.05551187684
1006 1195 4 10.1656368272
1007 1196 4 13.4681105442
1008 1197 4 -6.23089112835
1009 1198 4 -5.09482551245
1010 1199 4 -3.61249227467
1011 1200 4 -5.10244883446
1012 1201 4 -3.67536198159
1013 1202 4 -1.91641297067
1014 1203 4 -3.73769632917
1015 1204 4 -2.03669591416
1016 1205 4 -0.016041124117
1017 1206 4 -5.11209390891
1018 1207 4 -3.6731531745
1019 1208 4 -1.90003592472
1020 1209 4 -3.73953713023
1021 1210 4 -2.02422984092
1022 1211 4 0.0127164442616
1023 1212 4 -2.15117101008
1024 1213 4 -0.173377506202
1025 1214 4 2.11473442813
1026 1215 4 -3.74017592713
1027 1216 4 -2.0114119879
1028 1217 4 0.042288424127
1029 1218 4 -2.14204273079
1030 1219 4 -0.147502923155
1031 1220 4 2.15861104346
1032 1221 4 -0.345169818245
1033 1222 4 1.90243423876
1034 1223 4 4.45014988013
1035 1224 4 -2.13148476429
1036 1225 4 -0.120536787758
1037 1226 4 2.202399227
1038 1227 4 -0.322886172674
1039 1228 4 1.94341461293
1040 1229 4 4.51015412619
1041 1230 4 1.66908051699
1042 1231 4 4.18012539918
1043 1232 4 6.97888986068
1044 1233 4 -0.299196817551
1045 1234 4 1.98490573973
1046 1235 4 4.56779950201
1047 1236 4 1.70678449615
1048 1237 4 4.23771778637
1049 1238 4 7.05499707641
1050 1239 4 3.87905798645
1051 1240 4 6.64461770933
1052 1241 4 9.68408474065
1053 1242 4 1.74492063304
1054 1243 4 4.29437504934
1055 1244 4 7.12346111094
1056 1245 4 3.93424106057
1057 1246 4 6.72054750992
1058 1247 4 9.77358245828
1059 1248 4 6.26877908012
1060 1249 4 9.27902022752
1061 1250 4 12.5385783215
1062 1251 4 3.98794157777
1063 1252 4 6.791326124
1064 1253 4 9.83301321929
1065 1254 4 6.34329969067
1066 1255 4 9.37252319336
1067 1256 4 12.6149635558
1068 1257 4 8.83679221476
1069 1258 4 12.0677952528
1070 1259 4 15.4636054945
1071 1260 4 -5.58040080044
1072 1261 4 -4.19950180878
1073 1262 4 -2.48637176467
1074 1263 4 -4.28602943514
1075 1264 4 -2.62732790164
1076 1265 4 -0.648468040631
1077 1266 4 -2.7822581317
1078 1267 4 -0.859527254574
1079 1268 4 1.37415565693
1080 1269 4 -4.27397938424
1081 1270 4 -2.60232276586
1082 1271 4 -0.608929205911
1083 1272 4 -2.75629523338
1084 1273 4 -0.817387929379
1085 1274 4 1.43263663307
1086 1275 4 -1.04819997691
1087 1276 4 1.14639506873
1088 1277 4 3.64273320508
1089 1278 4 -2.72985407718
1090 1279 4 -0.777273088095
1091 1280 4 1.48800154607
1092 1281 4 -1.00452360465
1093 1282 4 1.20729480763
1094 1283 4 3.72013877108
1095 1284 4 0.88996291383
1096 1285 4 3.35099851365
1097 1286 4 6.10411581865
1098 1287 4 -0.964139966147
1099 1288 4 1.26401344279
1100 1289 4 3.79167843293
1101 1290 4 0.953127706507
1102 1291 4 3.43201537994
1103 1292 4 6.20099855605
1104 1293 4 3.01375011396
1105 1294 4 5.73506510676
1106 1295 4 8.73671256163
1107 1296 4 1.01248502088
1108 1297 4 3.50702455518
1109 1298 4 6.28962173845
1110 1299 4 3.10520201609
1111 1300 4 5.84193474047
1112 1301 4 8.85672282573
1113 1302 4 5.28690549648
1114 1303 4 8.25738655457
1115 1304 4 11.4905627616
1116 1305 4 3.18638043715
1117 1306 4 5.93847217747
1118 1307 4 8.96039061821
1119 1308 4 5.41852617318
1120 1309 4 8.40370991544
1121 1310 4 11.6432557119
1122 1311 4 7.57857484188
1123 1312 4 10.7227826936
1124 1313 4 13.9587793633
1125 1314 4 5.53373481713
1126 1315 4 8.53081618192
1127 1316 4 11.7514646376
1128 1317 4 7.74957806408
1129 1318 4 10.9074008411
1130 1319 4 14.2518660355
1131 1320 4 9.22784819853
1132 1321 4 10.8616308421
1133 1322 4 18.0083267655
1134 1197 3 -5.78074968911
1135 1198 3 -4.46532704587
1136 1199 3 -2.87392569817
1137 1200 3 -4.48916159695
1138 1201 3 -2.93728488994
1139 1202 3 -1.12655549263
1140 1203 3 -3.0052414124
1141 1204 3 -1.23181784099
1142 1205 3 0.782340447127
1143 1206 3 -4.49746750588
1144 1207 3 -2.93500044773
1145 1208 3 -1.10991974332
1146 1209 3 -3.00778847427
1147 1210 3 -1.2211220701
1148 1211 3 0.8124482942
1149 1212 3 -1.3433775337
1150 1213 3 0.656595272756
1151 1214 3 2.88356524378
1152 1215 3 -3.00831241292
1153 1216 3 -1.20921772592
1154 1217 3 0.841010153191
1155 1218 3 -1.33582647477
1156 1219 3 0.678412230866
1157 1220 3 2.92790192968
1158 1221 3 0.498010546805
1159 1222 3 2.71739830705
1160 1223 3 5.15113254567
1161 1224 3 -1.32699840962
1162 1225 3 0.701083150828
1163 1226 3 2.96947484303
1164 1227 3 0.516446715148
1165 1228 3 2.75160134695
1166 1229 3 5.21119709418
1167 1230 3 2.50797485148
1168 1231 3 4.94166854383
1169 1232 3 7.57606903418
1170 1233 3 0.535953540633
1171 1234 3 2.78628790304
1172 1235 3 5.26653267375
1173 1236 3 2.53910950244
1174 1237 3 4.98966772858
1175 1238 3 7.65320068098
1176 1239 3 4.67532651818
1177 1240 3 7.31594861029
1178 1241 3 10.1444903272
1179 1242 3 2.57041933219
1180 1243 3 5.0372357287
1181 1244 3 7.72240825982
1182 1245 3 4.72100707654
1183 1246 3 7.37976117104
1184 1247 3 10.2399678603
1185 1248 3 6.98467283402
1186 1249 3 9.82464436415
1187 1250 3 12.8355885784
1188 1251 3 4.7652792114
1189 1252 3 7.44027972856
1190 1253 3 10.3201516278
1191 1254 3 7.04685065324
1192 1255 3 9.90508953999
1193 1256 3 12.9449919302
1194 1257 3 9.43128214866
1195 1258 3 12.4506392869
1196 1259 3 15.5990294074
1197 1260 3 -5.05018995188
1198 1261 3 -3.51877906018
1199 1262 3 -1.72381087946
1200 1263 3 -3.61519863326
1201 1264 3 -1.85780039864
1202 1265 3 0.147233117579
1203 1266 3 -2.01279300969
1204 1267 3 -0.0405241275509
1205 1268 3 2.16090848319
1206 1269 3 -3.60259740926
1207 1270 3 -1.83366374924
1208 1271 3 0.186686705678
1209 1272 3 -1.98645871656
1210 1273 3 -0.00113268486819
1211 1274 3 2.22143167976
1212 1275 3 -0.220384017261
1213 1276 3 1.97485299432
1214 1277 3 4.38382445817
1215 1278 3 -1.96181563742
1216 1279 3 0.0370789359403
1217 1280 3 2.27531319399
1218 1281 3 -0.179282443814
1219 1282 3 2.02966798202
1220 1283 3 4.46293670486
1221 1284 3 1.73685221107
1222 1285 3 4.1486297351
1223 1286 3 6.76235692824
1224 1287 3 -0.141719784645
1225 1288 3 2.08101237194
1226 1289 3 4.53216103044
1227 1290 3 1.79485714817
1228 1291 3 4.22149115096
1229 1292 3 6.86125449159
1230 1293 3 3.8417528392
1231 1294 3 6.46553573014
1232 1295 3 9.27655947511
1233 1296 3 1.84885318391
1234 1297 3 4.28845111674
1235 1298 3 6.94755116285
1236 1299 3 3.92485716349
1237 1300 3 6.56126460773
1238 1301 3 9.40098959454
1239 1302 3 6.05898603395
1240 1303 3 8.88480689169
1241 1304 3 11.8796668303
1242 1305 3 3.99782239747
1243 1306 3 6.6473075114
1244 1307 3 9.50586028945
1245 1308 3 6.17899949318
1246 1309 3 9.01739803104
1247 1310 3 12.0435302277
1248 1311 3 8.25630329419
1249 1312 3 11.2087809666
1250 1313 3 14.1652626707
1251 1314 3 6.2829939754
1252 1315 3 9.13295641274
1253 1316 3 12.1754953422
1254 1317 3 8.41358725379
1255 1318 3 11.3814875194
1256 1319 3 14.5065275884
1257 1320 3 9.76052599936
1258 1321 3 11.1531114985
1259 1322 3 18.0200101916
1260 1269 2 -5.43706170571
1261 1270 2 -0.851308922232
1262 1271 2 4.41635704698
1263 1272 2 -2.01029095616
1264 1273 2 2.97803570098
1265 1274 2 8.62272719807
1266 1275 2 1.62217060222
1267 1276 2 7.00104650802
1268 1277 2 13.0052059936
1269 1278 2 -1.89854339516
1270 1279 2 3.19265726055
1271 1280 2 8.93880320462
1272 1281 2 1.78203218624
1273 1282 2 7.26308138403
1274 1283 2 13.3736134079
1275 1284 2 5.64962639246
1276 1285 2 11.5081424187
1277 1286 2 17.9673328104
1278 1287 2 1.95234425325
1279 1288 2 7.53580617012
1280 1289 2 13.7427735515
1281 1290 2 5.86930789569
1282 1291 2 11.8306801553
1283 1292 2 18.3897164652
1284 1293 2 9.94659820373
1285 1294 2 16.2742754663
1286 1295 2 23.1656447674
1287 1296 2 6.10112933711
1288 1297 2 12.1604949727
1289 1298 2 18.8056095485
1290 1299 2 10.2339113063
1291 1300 2 16.6577426974
1292 1301 2 23.6389545621
1293 1302 2 14.4698377081
1294 1303 2 21.2431645491
1295 1304 2 28.5336900463
1296 1305 2 10.5250355762
1297 1306 2 17.0417203059
1298 1307 2 24.0852194145
1299 1308 2 14.8276682227
1300 1309 2 21.6926837432
1301 1310 2 29.0486995103
1302 1311 2 19.0751953459
1303 1312 2 26.2045811691
1304 1313 2 33.6343877318
1305 1314 2 15.1841139879
1306 1315 2 22.1267918996
1307 1316 2 29.4776173689
1308 1317 2 19.4900721594
1309 1318 2 26.6974418519
1310 1319 2 34.2465268332
1311 1320 2 23.1101209722
1312 1321 2 28.9286460055
1313 1322 2 40.5
1314 1317 1 21.9334250017
1315 1318 1 28.3606445163
1316 1319 1 34.977985135
1317 1320 1 25.2007937111
1318 1321 1 30.1642012808
1319 1322 1 40.5532435408
1320 1321 0 138.413467082
1321 1322 0 162.000000124
