1 0 0
2 1 0
3 0 1
4 3 0
4 1 1
5 4 0
5 2 1
6 3 1
7 6 0
7 4 1
8 7 0
8 5 1
9 0 2
10 9 0
10 1 2
11 10 0
11 2 2
12 9 1
12 3 2
13 12 0
13 10 1
13 4 2
14 13 0
14 11 1
14 5 2
15 12 1
15 6 2
16 15 0
16 13 1
16 7 2
17 16 0
17 14 1
17 8 2
18 9 2
19 18 0
19 10 2
20 19 0
20 11 2
21 18 1
21 12 2
22 21 0
22 19 1
22 13 2
23 22 0
23 20 1
23 14 2
24 21 1
24 15 2
25 24 0
25 22 1
25 16 2
26 25 0
26 23 1
26 17 2
27 18 2
28 27 0
28 19 2
29 28 0
29 20 2
30 27 1
30 21 2
31 30 0
31 28 1
31 22 2
32 31 0
32 29 1
32 23 2
33 30 1
33 24 2
34 33 0
34 31 1
34 25 2
35 34 0
35 32 1
35 26 2
36 27 2
37 36 0
37 28 2
38 37 0
38 29 2
39 36 1
39 30 2
40 39 0
40 37 1
40 31 2
41 40 0
41 38 1
41 32 2
42 39 1
42 33 2
43 42 0
43 40 1
43 34 2
44 43 0
44 41 1
44 35 2
45 36 2
46 45 0
46 37 2
47 46 0
47 38 2
48 45 1
48 39 2
49 48 0
49 46 1
49 40 2
50 49 0
50 47 1
50 41 2
51 48 1
51 42 2
52 51 0
52 49 1
52 43 2
53 52 0
53 50 1
53 44 2
54 45 2
55 54 0
55 46 2
56 55 0
56 47 2
57 54 1
57 48 2
58 57 0
58 55 1
58 49 2
59 58 0
59 56 1
59 50 2
60 57 1
60 51 2
61 60 0
61 58 1
61 52 2
62 61 0
62 59 1
62 53 2
63 0 3
64 63 0
64 1 3
65 64 0
65 2 3
66 63 1
66 3 3
67 66 0
67 64 1
67 4 3
68 67 0
68 65 1
68 5 3
69 66 1
69 6 3
70 69 0
70 67 1
70 7 3
71 70 0
71 68 1
71 8 3
72 63 2
72 9 3
73 72 0
73 64 2
73 10 3
74 73 0
74 65 2
74 11 3
75 72 1
75 66 2
75 12 3
76 75 0
76 73 1
76 67 2
76 13 3
77 76 0
77 74 1
77 68 2
77 14 3
78 75 1
78 69 2
78 15 3
79 78 0
79 76 1
79 70 2
79 16 3
80 79 0
80 77 1
80 71 2
80 17 3
81 72 2
81 18 3
82 81 0
82 73 2
82 19 3
83 82 0
83 74 2
83 20 3
84 81 1
84 75 2
84 21 3
85 84 0
85 82 1
85 76 2
85 22 3
86 85 0
86 83 1
86 77 2
86 23 3
87 84 1
87 78 2
87 24 3
88 87 0
88 85 1
88 79 2
88 25 3
89 88 0
89 86 1
89 80 2
89 26 3
90 81 2
90 27 3
91 90 0
91 82 2
91 28 3
92 91 0
92 83 2
92 29 3
93 90 1
93 84 2
93 30 3
94 93 0
94 91 1
94 85 2
94 31 3
95 94 0
95 92 1
95 86 2
95 32 3
96 93 1
96 87 2
96 33 3
97 96 0
97 94 1
97 88 2
97 34 3
98 97 0
98 95 1
98 89 2
98 35 3
99 90 2
99 36 3
100 99 0
100 91 2
100 37 3
101 100 0
101 92 2
101 38 3
102 99 1
102 93 2
102 39 3
103 102 0
103 100 1
103 94 2
103 40 3
104 103 0
104 101 1
104 95 2
104 41 3
105 102 1
105 96 2
105 42 3
106 105 0
106 103 1
106 97 2
106 43 3
107 106 0
107 104 1
107 98 2
107 44 3
108 99 2
108 45 3
109 108 0
109 100 2
109 46 3
110 109 0
110 101 2
110 47 3
111 108 1
111 102 2
111 48 3
112 111 0
112 109 1
112 103 2
112 49 3
113 112 0
113 110 1
113 104 2
113 50 3
114 111 1
114 105 2
114 51 3
115 114 0
115 112 1
115 106 2
115 52 3
116 115 0
116 113 1
116 107 2
116 53 3
117 108 2
117 54 3
118 117 0
118 109 2
118 55 3
119 118 0
119 110 2
119 56 3
120 117 1
120 111 2
120 57 3
121 120 0
121 118 1
121 112 2
121 58 3
122 121 0
122 119 1
122 113 2
122 59 3
123 120 1
123 114 2
123 60 3
124 123 0
124 121 1
124 115 2
124 61 3
125 124 0
125 122 1
125 116 2
125 62 3
126 63 3
127 126 0
127 64 3
128 127 0
128 65 3
129 126 1
129 66 3
130 129 0
130 127 1
130 67 3
131 130 0
131 128 1
131 68 3
132 129 1
132 69 3
133 132 0
133 130 1
133 70 3
134 133 0
134 131 1
134 71 3
135 126 2
135 72 3
136 135 0
136 127 2
136 73 3
137 136 0
137 128 2
137 74 3
138 135 1
138 129 2
138 75 3
139 138 0
139 136 1
139 130 2
139 76 3
140 139 0
140 137 1
140 131 2
140 77 3
141 138 1
141 132 2
141 78 3
142 141 0
142 139 1
142 133 2
142 79 3
143 142 0
143 140 1
143 134 2
143 80 3
144 135 2
144 81 3
145 144 0
145 136 2
145 82 3
146 145 0
146 137 2
146 83 3
147 144 1
147 138 2
147 84 3
148 147 0
148 145 1
148 139 2
148 85 3
149 148 0
149 146 1
149 140 2
149 86 3
150 147 1
150 141 2
150 87 3
151 150 0
151 148 1
151 142 2
151 88 3
152 151 0
152 149 1
152 143 2
152 89 3
153 144 2
153 90 3
154 153 0
154 145 2
154 91 3
155 154 0
155 146 2
155 92 3
156 153 1
156 147 2
156 93 3
157 156 0
157 154 1
157 148 2
157 94 3
158 157 0
158 155 1
158 149 2
158 95 3
159 156 1
159 150 2
159 96 3
160 159 0
160 157 1
160 151 2
160 97 3
161 160 0
161 158 1
161 152 2
161 98 3
162 153 2
162 99 3
163 162 0
163 154 2
163 100 3
164 163 0
164 155 2
164 101 3
165 162 1
165 156 2
165 102 3
166 165 0
166 163 1
166 157 2
166 103 3
167 166 0
167 164 1
167 158 2
167 104 3
168 165 1
168 159 2
168 105 3
169 168 0
169 166 1
169 160 2
169 106 3
170 169 0
170 167 1
170 161 2
170 107 3
171 162 2
171 108 3
172 171 0
172 163 2
172 109 3
173 172 0
173 164 2
173 110 3
174 171 1
174 165 2
174 111 3
175 174 0
175 172 1
175 166 2
175 112 3
176 175 0
176 173 1
176 167 2
176 113 3
177 174 1
177 168 2
177 114 3
178 177 0
178 175 1
178 169 2
178 115 3
179 178 0
179 176 1
179 170 2
179 116 3
180 171 2
180 117 3
181 180 0
181 172 2
181 118 3
182 181 0
182 173 2
182 119 3
183 180 1
183 174 2
183 120 3
184 183 0
184 181 1
184 175 2
184 121 3
185 184 0
185 182 1
185 176 2
185 122 3
186 183 1
186 177 2
186 123 3
187 186 0
187 184 1
187 178 2
187 124 3
188 187 0
188 179 2
188 185 1
188 125 3
189 0 4
190 189 0
190 1 4
191 190 0
191 2 4
192 189 1
192 3 4
193 192 0
193 190 1
193 4 4
194 193 0
194 191 1
194 5 4
195 192 1
195 6 4
196 195 0
196 193 1
196 7 4
197 196 0
197 194 1
197 8 4
198 189 2
198 9 4
199 198 0
199 190 2
199 10 4
200 199 0
200 191 2
200 11 4
201 198 1
201 192 2
201 12 4
202 201 0
202 199 1
202 193 2
202 13 4
203 202 0
203 200 1
203 194 2
203 14 4
204 201 1
204 195 2
204 15 4
205 204 0
205 202 1
205 196 2
205 16 4
206 205 0
206 203 1
206 197 2
206 17 4
207 198 2
207 18 4
208 207 0
208 199 2
208 19 4
209 208 0
209 200 2
209 20 4
210 207 1
210 201 2
210 21 4
211 210 0
211 208 1
211 202 2
211 22 4
212 211 0
212 209 1
212 203 2
212 23 4
213 210 1
213 204 2
213 24 4
214 213 0
214 211 1
214 205 2
214 25 4
215 214 0
215 212 1
215 206 2
215 26 4
216 207 2
216 27 4
217 216 0
217 208 2
217 28 4
218 217 0
218 209 2
218 29 4
219 216 1
219 210 2
219 30 4
220 219 0
220 217 1
220 211 2
220 31 4
221 220 0
221 218 1
221 212 2
221 32 4
222 219 1
222 213 2
222 33 4
223 222 0
223 220 1
223 214 2
223 34 4
224 223 0
224 221 1
224 215 2
224 35 4
225 216 2
225 36 4
226 225 0
226 217 2
226 37 4
227 226 0
227 218 2
227 38 4
228 225 1
228 219 2
228 39 4
229 228 0
229 226 1
229 220 2
229 40 4
230 229 0
230 227 1
230 221 2
230 41 4
231 228 1
231 222 2
231 42 4
232 231 0
232 229 1
232 223 2
232 43 4
233 232 0
233 230 1
233 224 2
233 44 4
234 225 2
234 45 4
235 234 0
235 226 2
235 46 4
236 235 0
236 227 2
236 47 4
237 234 1
237 228 2
237 48 4
238 237 0
238 235 1
238 229 2
238 49 4
239 238 0
239 236 1
239 230 2
239 50 4
240 237 1
240 231 2
240 51 4
241 240 0
241 238 1
241 232 2
241 52 4
242 241 0
242 239 1
242 233 2
242 53 4
243 234 2
243 54 4
244 243 0
244 235 2
244 55 4
245 244 0
245 236 2
245 56 4
246 243 1
246 237 2
246 57 4
247 246 0
247 244 1
247 238 2
247 58 4
248 247 0
248 245 1
248 239 2
248 59 4
249 246 1
249 240 2
249 60 4
250 249 0
250 247 1
250 241 2
250 61 4
251 250 0
251 248 1
251 242 2
251 62 4
252 189 3
252 63 4
253 252 0
253 190 3
253 64 4
254 253 0
254 191 3
254 65 4
255 252 1
255 192 3
255 66 4
256 255 0
256 253 1
256 193 3
256 67 4
257 256 0
257 254 1
257 194 3
257 68 4
258 255 1
258 195 3
258 69 4
259 258 0
259 256 1
259 196 3
259 70 4
260 259 0
260 257 1
260 197 3
260 71 4
261 252 2
261 198 3
261 72 4
262 261 0
262 253 2
262 199 3
262 73 4
263 262 0
263 254 2
263 200 3
263 74 4
264 261 1
264 255 2
264 201 3
264 75 4
265 264 0
265 262 1
265 256 2
265 202 3
265 76 4
266 265 0
266 263 1
266 257 2
266 203 3
266 77 4
267 264 1
267 258 2
267 204 3
267 78 4
268 267 0
268 265 1
268 259 2
268 205 3
268 79 4
269 268 0
269 266 1
269 260 2
269 206 3
269 80 4
270 261 2
270 207 3
270 81 4
271 270 0
271 262 2
271 208 3
271 82 4
272 271 0
272 263 2
272 209 3
272 83 4
273 270 1
273 264 2
273 210 3
273 84 4
274 273 0
274 271 1
274 265 2
274 211 3
274 85 4
275 274 0
275 272 1
275 266 2
275 212 3
275 86 4
276 273 1
276 267 2
276 213 3
276 87 4
277 276 0
277 274 1
277 268 2
277 214 3
277 88 4
278 277 0
278 275 1
278 269 2
278 215 3
278 89 4
279 270 2
279 216 3
279 90 4
280 279 0
280 271 2
280 217 3
280 91 4
281 280 0
281 272 2
281 218 3
281 92 4
282 279 1
282 273 2
282 219 3
282 93 4
283 282 0
283 280 1
283 274 2
283 220 3
283 94 4
284 283 0
284 281 1
284 275 2
284 221 3
284 95 4
285 282 1
285 276 2
285 222 3
285 96 4
286 285 0
286 283 1
286 277 2
286 223 3
286 97 4
287 286 0
287 284 1
287 278 2
287 224 3
287 98 4
288 279 2
288 225 3
288 99 4
289 288 0
289 280 2
289 226 3
289 100 4
290 289 0
290 281 2
290 227 3
290 101 4
291 288 1
291 282 2
291 228 3
291 102 4
292 291 0
292 289 1
292 283 2
292 229 3
292 103 4
293 292 0
293 290 1
293 284 2
293 230 3
293 104 4
294 291 1
294 285 2
294 231 3
294 105 4
295 294 0
295 292 1
295 286 2
295 232 3
295 106 4
296 295 0
296 293 1
296 287 2
296 233 3
296 107 4
297 288 2
297 234 3
297 108 4
298 297 0
298 289 2
298 235 3
298 109 4
299 298 0
299 290 2
299 236 3
299 110 4
300 297 1
300 291 2
300 237 3
300 111 4
301 300 0
301 298 1
301 292 2
301 238 3
301 112 4
302 301 0
302 299 1
302 293 2
302 239 3
302 113 4
303 300 1
303 294 2
303 240 3
303 114 4
304 303 0
304 301 1
304 295 2
304 241 3
304 115 4
305 304 0
305 302 1
305 296 2
305 242 3
305 116 4
306 297 2
306 243 3
306 117 4
307 306 0
307 298 2
307 244 3
307 118 4
308 307 0
308 299 2
308 245 3
308 119 4
309 306 1
309 300 2
309 246 3
309 120 4
310 309 0
310 307 1
310 301 2
310 247 3
310 121 4
311 310 0
311 308 1
311 302 2
311 248 3
311 122 4
312 309 1
312 303 2
312 249 3
312 123 4
313 312 0
313 310 1
313 304 2
313 250 3
313 124 4
314 313 0
314 305 2
314 311 1
314 251 3
314 125 4
315 252 3
315 126 4
316 315 0
316 253 3
316 127 4
317 316 0
317 254 3
317 128 4
318 315 1
318 255 3
318 129 4
319 318 0
319 316 1
319 256 3
319 130 4
320 319 0
320 317 1
320 257 3
320 131 4
321 318 1
321 258 3
321 132 4
322 321 0
322 319 1
322 259 3
322 133 4
323 322 0
323 320 1
323 260 3
323 134 4
324 315 2
324 261 3
324 135 4
325 324 0
325 316 2
325 262 3
325 136 4
326 325 0
326 317 2
326 263 3
326 137 4
327 324 1
327 318 2
327 264 3
327 138 4
328 327 0
328 325 1
328 319 2
328 265 3
328 139 4
329 328 0
329 326 1
329 320 2
329 266 3
329 140 4
330 327 1
330 321 2
330 267 3
330 141 4
331 330 0
331 328 1
331 322 2
331 268 3
331 142 4
332 331 0
332 329 1
332 323 2
332 269 3
332 143 4
333 324 2
333 270 3
333 144 4
334 333 0
334 325 2
334 271 3
334 145 4
335 334 0
335 326 2
335 272 3
335 146 4
336 333 1
336 327 2
336 273 3
336 147 4
337 336 0
337 334 1
337 328 2
337 274 3
337 148 4
338 337 0
338 335 1
338 329 2
338 275 3
338 149 4
339 336 1
339 330 2
339 276 3
339 150 4
340 339 0
340 337 1
340 331 2
340 277 3
340 151 4
341 340 0
341 338 1
341 332 2
341 278 3
341 152 4
342 333 2
342 279 3
342 153 4
343 342 0
343 334 2
343 280 3
343 154 4
344 343 0
344 335 2
344 281 3
344 155 4
345 342 1
345 336 2
345 282 3
345 156 4
346 345 0
346 343 1
346 337 2
346 283 3
346 157 4
347 346 0
347 344 1
347 338 2
347 284 3
347 158 4
348 345 1
348 339 2
348 285 3
348 159 4
349 348 0
349 346 1
349 340 2
349 286 3
349 160 4
350 349 0
350 347 1
350 341 2
350 287 3
350 161 4
351 342 2
351 288 3
351 162 4
352 351 0
352 343 2
352 289 3
352 163 4
353 352 0
353 344 2
353 290 3
353 164 4
354 351 1
354 345 2
354 291 3
354 165 4
355 354 0
355 352 1
355 346 2
355 292 3
355 166 4
356 355 0
356 353 1
356 347 2
356 293 3
356 167 4
357 354 1
357 348 2
357 294 3
357 168 4
358 357 0
358 355 1
358 349 2
358 295 3
358 169 4
359 358 0
359 356 1
359 350 2
359 296 3
359 170 4
360 351 2
360 297 3
360 171 4
361 360 0
361 352 2
361 298 3
361 172 4
362 361 0
362 353 2
362 299 3
362 173 4
363 360 1
363 354 2
363 300 3
363 174 4
364 363 0
364 361 1
364 355 2
364 301 3
364 175 4
365 364 0
365 362 1
365 356 2
365 302 3
365 176 4
366 363 1
366 357 2
366 303 3
366 177 4
367 366 0
367 364 1
367 358 2
367 304 3
367 178 4
368 367 0
368 365 1
368 359 2
368 305 3
368 179 4
369 360 2
369 306 3
369 180 4
370 369 0
370 361 2
370 307 3
370 181 4
371 370 0
371 362 2
371 308 3
371 182 4
372 369 1
372 363 2
372 309 3
372 183 4
373 372 0
373 370 1
373 364 2
373 310 3
373 184 4
374 373 0
374 371 1
374 365 2
374 311 3
374 185 4
375 372 1
375 366 2
375 312 3
375 186 4
376 375 0
376 373 1
376 367 2
376 313 3
376 187 4
377 376 0
377 368 2
377 374 1
377 314 3
377 188 4
378 189 4
379 378 0
379 190 4
380 379 0
380 191 4
381 378 1
381 192 4
382 381 0
382 379 1
382 193 4
383 382 0
383 380 1
383 194 4
384 381 1
384 195 4
385 384 0
385 382 1
385 196 4
386 385 0
386 383 1
386 197 4
387 378 2
387 198 4
388 387 0
388 379 2
388 199 4
389 388 0
389 380 2
389 200 4
390 387 1
390 381 2
390 201 4
391 390 0
391 388 1
391 382 2
391 202 4
392 391 0
392 389 1
392 383 2
392 203 4
393 390 1
393 384 2
393 204 4
394 393 0
394 391 1
394 385 2
394 205 4
395 394 0
395 392 1
395 386 2
395 206 4
396 387 2
396 207 4
397 396 0
397 388 2
397 208 4
398 397 0
398 389 2
398 209 4
399 396 1
399 390 2
399 210 4
400 399 0
400 397 1
400 391 2
400 211 4
401 400 0
401 398 1
401 392 2
401 212 4
402 399 1
402 393 2
402 213 4
403 402 0
403 400 1
403 394 2
403 214 4
404 403 0
404 401 1
404 395 2
404 215 4
405 396 2
405 216 4
406 405 0
406 397 2
406 217 4
407 406 0
407 398 2
407 218 4
408 405 1
408 399 2
408 219 4
409 408 0
409 406 1
409 400 2
409 220 4
410 409 0
410 407 1
410 401 2
410 221 4
411 408 1
411 402 2
411 222 4
412 411 0
412 409 1
412 403 2
412 223 4
413 412 0
413 410 1
413 404 2
413 224 4
414 405 2
414 225 4
415 414 0
415 406 2
415 226 4
416 415 0
416 407 2
416 227 4
417 414 1
417 408 2
417 228 4
418 417 0
418 415 1
418 409 2
418 229 4
419 418 0
419 416 1
419 410 2
419 230 4
420 417 1
420 411 2
420 231 4
421 420 0
421 418 1
421 412 2
421 232 4
422 421 0
422 419 1
422 413 2
422 233 4
423 414 2
423 234 4
424 423 0
424 415 2
424 235 4
425 424 0
425 416 2
425 236 4
426 423 1
426 417 2
426 237 4
427 426 0
427 424 1
427 418 2
427 238 4
428 427 0
428 425 1
428 419 2
428 239 4
429 426 1
429 420 2
429 240 4
430 429 0
430 427 1
430 421 2
430 241 4
431 430 0
431 428 1
431 422 2
431 242 4
432 423 2
432 243 4
433 432 0
433 424 2
433 244 4
434 433 0
434 425 2
434 245 4
435 432 1
435 426 2
435 246 4
436 435 0
436 433 1
436 427 2
436 247 4
437 436 0
437 434 1
437 428 2
437 248 4
438 435 1
438 429 2
438 249 4
439 438 0
439 436 1
439 430 2
439 250 4
440 439 0
440 437 1
440 431 2
440 251 4
441 378 3
441 252 4
442 441 0
442 379 3
442 253 4
443 442 0
443 380 3
443 254 4
444 441 1
444 381 3
444 255 4
445 444 0
445 442 1
445 382 3
445 256 4
446 445 0
446 443 1
446 383 3
446 257 4
447 444 1
447 384 3
447 258 4
448 447 0
448 445 1
448 385 3
448 259 4
449 448 0
449 446 1
449 386 3
449 260 4
450 441 2
450 387 3
450 261 4
451 450 0
451 442 2
451 388 3
451 262 4
452 451 0
452 443 2
452 389 3
452 263 4
453 450 1
453 444 2
453 390 3
453 264 4
454 453 0
454 451 1
454 445 2
454 391 3
454 265 4
455 454 0
455 452 1
455 446 2
455 392 3
455 266 4
456 453 1
456 447 2
456 393 3
456 267 4
457 456 0
457 454 1
457 448 2
457 394 3
457 268 4
458 457 0
458 455 1
458 449 2
458 395 3
458 269 4
459 450 2
459 396 3
459 270 4
460 459 0
460 451 2
460 397 3
460 271 4
461 460 0
461 452 2
461 398 3
461 272 4
462 459 1
462 453 2
462 399 3
462 273 4
463 462 0
463 460 1
463 454 2
463 400 3
463 274 4
464 463 0
464 461 1
464 455 2
464 401 3
464 275 4
465 462 1
465 456 2
465 402 3
465 276 4
466 465 0
466 463 1
466 457 2
466 403 3
466 277 4
467 466 0
467 464 1
467 458 2
467 404 3
467 278 4
468 459 2
468 405 3
468 279 4
469 468 0
469 460 2
469 406 3
469 280 4
470 469 0
470 461 2
470 407 3
470 281 4
471 468 1
471 462 2
471 408 3
471 282 4
472 471 0
472 469 1
472 463 2
472 409 3
472 283 4
473 472 0
473 470 1
473 464 2
473 410 3
473 284 4
474 471 1
474 465 2
474 411 3
474 285 4
475 474 0
475 472 1
475 466 2
475 412 3
475 286 4
476 475 0
476 473 1
476 467 2
476 413 3
476 287 4
477 468 2
477 414 3
477 288 4
478 477 0
478 469 2
478 415 3
478 289 4
479 478 0
479 470 2
479 416 3
479 290 4
480 477 1
480 471 2
480 417 3
480 291 4
481 480 0
481 478 1
481 472 2
481 418 3
481 292 4
482 481 0
482 479 1
482 473 2
482 419 3
482 293 4
483 480 1
483 474 2
483 420 3
483 294 4
484 483 0
484 481 1
484 475 2
484 421 3
484 295 4
485 484 0
485 482 1
485 476 2
485 422 3
485 296 4
486 477 2
486 423 3
486 297 4
487 486 0
487 478 2
487 424 3
487 298 4
488 487 0
488 479 2
488 425 3
488 299 4
489 486 1
489 480 2
489 426 3
489 300 4
490 489 0
490 487 1
490 481 2
490 427 3
490 301 4
491 490 0
491 488 1
491 482 2
491 428 3
491 302 4
492 489 1
492 483 2
492 429 3
492 303 4
493 492 0
493 490 1
493 484 2
493 430 3
493 304 4
494 493 0
494 491 1
494 485 2
494 431 3
494 305 4
495 486 2
495 432 3
495 306 4
496 495 0
496 487 2
496 433 3
496 307 4
497 496 0
497 488 2
497 434 3
497 308 4
498 495 1
498 489 2
498 435 3
498 309 4
499 498 0
499 496 1
499 490 2
499 436 3
499 310 4
500 499 0
500 497 1
500 491 2
500 437 3
500 311 4
501 498 1
501 492 2
501 438 3
501 312 4
502 501 0
502 499 1
502 493 2
502 439 3
502 313 4
503 502 0
503 494 2
503 500 1
503 440 3
503 314 4
504 441 3
504 315 4
505 504 0
505 442 3
505 316 4
506 505 0
506 443 3
506 317 4
507 504 1
507 444 3
507 318 4
508 507 0
508 505 1
508 445 3
508 319 4
509 508 0
509 506 1
509 446 3
509 320 4
510 507 1
510 447 3
510 321 4
511 510 0
511 508 1
511 448 3
511 322 4
512 511 0
512 509 1
512 449 3
512 323 4
513 504 2
513 450 3
513 324 4
514 513 0
514 505 2
514 451 3
514 325 4
515 514 0
515 506 2
515 452 3
515 326 4
516 513 1
516 507 2
516 453 3
516 327 4
517 516 0
517 514 1
517 508 2
517 454 3
517 328 4
518 517 0
518 515 1
518 509 2
518 455 3
518 329 4
519 516 1
519 510 2
519 456 3
519 330 4
520 519 0
520 517 1
520 511 2
520 457 3
520 331 4
521 520 0
521 518 1
521 512 2
521 458 3
521 332 4
522 513 2
522 459 3
522 333 4
523 522 0
523 514 2
523 460 3
523 334 4
524 523 0
524 515 2
524 461 3
524 335 4
525 522 1
525 516 2
525 462 3
525 336 4
526 525 0
526 523 1
526 517 2
526 463 3
526 337 4
527 526 0
527 524 1
527 518 2
527 464 3
527 338 4
528 525 1
528 519 2
528 465 3
528 339 4
529 528 0
529 526 1
529 520 2
529 466 3
529 340 4
530 529 0
530 527 1
530 521 2
530 467 3
530 341 4
531 522 2
531 468 3
531 342 4
532 531 0
532 523 2
532 469 3
532 343 4
533 532 0
533 524 2
533 470 3
533 344 4
534 531 1
534 525 2
534 471 3
534 345 4
535 534 0
535 532 1
535 526 2
535 472 3
535 346 4
536 535 0
536 533 1
536 527 2
536 473 3
536 347 4
537 534 1
537 528 2
537 474 3
537 348 4
538 537 0
538 535 1
538 529 2
538 475 3
538 349 4
539 538 0
539 536 1
539 530 2
539 476 3
539 350 4
540 531 2
540 477 3
540 351 4
541 540 0
541 532 2
541 478 3
541 352 4
542 541 0
542 533 2
542 479 3
542 353 4
543 540 1
543 534 2
543 480 3
543 354 4
544 543 0
544 541 1
544 535 2
544 481 3
544 355 4
545 544 0
545 542 1
545 536 2
545 482 3
545 356 4
546 543 1
546 537 2
546 483 3
546 357 4
547 546 0
547 544 1
547 538 2
547 484 3
547 358 4
548 547 0
548 545 1
548 539 2
548 485 3
548 359 4
549 540 2
549 486 3
549 360 4
550 549 0
550 541 2
550 487 3
550 361 4
551 550 0
551 542 2
551 488 3
551 362 4
552 549 1
552 543 2
552 489 3
552 363 4
553 552 0
553 550 1
553 544 2
553 490 3
553 364 4
554 553 0
554 551 1
554 545 2
554 491 3
554 365 4
555 552 1
555 546 2
555 492 3
555 366 4
556 555 0
556 553 1
556 547 2
556 493 3
556 367 4
557 556 0
557 554 1
557 548 2
557 494 3
557 368 4
558 549 2
558 495 3
558 369 4
559 558 0
559 550 2
559 496 3
559 370 4
560 559 0
560 551 2
560 497 3
560 371 4
561 558 1
561 552 2
561 498 3
561 372 4
562 561 0
562 559 1
562 553 2
562 499 3
562 373 4
563 562 0
563 560 1
563 554 2
563 500 3
563 374 4
564 561 1
564 555 2
564 501 3
564 375 4
565 564 0
565 562 1
565 556 2
565 502 3
565 376 4
566 565 0
566 557 2
566 563 1
566 503 3
566 377 4
567 378 4
568 567 0
568 379 4
569 568 0
569 380 4
570 567 1
570 381 4
571 570 0
571 568 1
571 382 4
572 571 0
572 569 1
572 383 4
573 570 1
573 384 4
574 573 0
574 571 1
574 385 4
575 574 0
575 572 1
575 386 4
576 567 2
576 387 4
577 576 0
577 568 2
577 388 4
578 577 0
578 569 2
578 389 4
579 576 1
579 570 2
579 390 4
580 579 0
580 577 1
580 571 2
580 391 4
581 580 0
581 578 1
581 572 2
581 392 4
582 579 1
582 573 2
582 393 4
583 582 0
583 580 1
583 574 2
583 394 4
584 583 0
584 581 1
584 575 2
584 395 4
585 576 2
585 396 4
586 585 0
586 577 2
586 397 4
587 586 0
587 578 2
587 398 4
588 585 1
588 579 2
588 399 4
589 588 0
589 586 1
589 580 2
589 400 4
590 589 0
590 587 1
590 581 2
590 401 4
591 588 1
591 582 2
591 402 4
592 591 0
592 589 1
592 583 2
592 403 4
593 592 0
593 590 1
593 584 2
593 404 4
594 585 2
594 405 4
595 594 0
595 586 2
595 406 4
596 595 0
596 587 2
596 407 4
597 594 1
597 588 2
597 408 4
598 597 0
598 595 1
598 589 2
598 409 4
599 598 0
599 596 1
599 590 2
599 410 4
600 597 1
600 591 2
600 411 4
601 600 0
601 598 1
601 592 2
601 412 4
602 601 0
602 599 1
602 593 2
602 413 4
603 594 2
603 414 4
604 603 0
604 595 2
604 415 4
605 604 0
605 596 2
605 416 4
606 603 1
606 597 2
606 417 4
607 606 0
607 604 1
607 598 2
607 418 4
608 607 0
608 605 1
608 599 2
608 419 4
609 606 1
609 600 2
609 420 4
610 609 0
610 607 1
610 601 2
610 421 4
611 610 0
611 608 1
611 602 2
611 422 4
612 603 2
612 423 4
613 612 0
613 604 2
613 424 4
614 613 0
614 605 2
614 425 4
615 612 1
615 606 2
615 426 4
616 615 0
616 613 1
616 607 2
616 427 4
617 616 0
617 614 1
617 608 2
617 428 4
618 615 1
618 609 2
618 429 4
619 618 0
619 616 1
619 610 2
619 430 4
620 619 0
620 617 1
620 611 2
620 431 4
621 612 2
621 432 4
622 621 0
622 613 2
622 433 4
623 622 0
623 614 2
623 434 4
624 621 1
624 615 2
624 435 4
625 624 0
625 622 1
625 616 2
625 436 4
626 625 0
626 623 1
626 617 2
626 437 4
627 624 1
627 618 2
627 438 4
628 627 0
628 625 1
628 619 2
628 439 4
629 628 0
629 626 1
629 620 2
629 440 4
630 567 3
630 441 4
631 630 0
631 568 3
631 442 4
632 631 0
632 569 3
632 443 4
633 630 1
633 570 3
633 444 4
634 633 0
634 631 1
634 571 3
634 445 4
635 634 0
635 632 1
635 572 3
635 446 4
636 633 1
636 573 3
636 447 4
637 636 0
637 634 1
637 574 3
637 448 4
638 637 0
638 635 1
638 575 3
638 449 4
639 630 2
639 576 3
639 450 4
640 639 0
640 631 2
640 577 3
640 451 4
641 640 0
641 632 2
641 578 3
641 452 4
642 639 1
642 633 2
642 579 3
642 453 4
643 642 0
643 640 1
643 634 2
643 580 3
643 454 4
644 643 0
644 641 1
644 635 2
644 581 3
644 455 4
645 642 1
645 636 2
645 582 3
645 456 4
646 645 0
646 643 1
646 637 2
646 583 3
646 457 4
647 646 0
647 644 1
647 638 2
647 584 3
647 458 4
648 639 2
648 585 3
648 459 4
649 648 0
649 640 2
649 586 3
649 460 4
650 649 0
650 641 2
650 587 3
650 461 4
651 648 1
651 642 2
651 588 3
651 462 4
652 651 0
652 649 1
652 643 2
652 589 3
652 463 4
653 652 0
653 650 1
653 644 2
653 590 3
653 464 4
654 651 1
654 645 2
654 591 3
654 465 4
655 654 0
655 652 1
655 646 2
655 592 3
655 466 4
656 655 0
656 653 1
656 647 2
656 593 3
656 467 4
657 648 2
657 594 3
657 468 4
658 657 0
658 649 2
658 595 3
658 469 4
659 658 0
659 650 2
659 596 3
659 470 4
660 657 1
660 651 2
660 597 3
660 471 4
661 660 0
661 658 1
661 652 2
661 598 3
661 472 4
662 661 0
662 659 1
662 653 2
662 599 3
662 473 4
663 660 1
663 654 2
663 600 3
663 474 4
664 663 0
664 661 1
664 655 2
664 601 3
664 475 4
665 664 0
665 662 1
665 656 2
665 602 3
665 476 4
666 657 2
666 603 3
666 477 4
667 666 0
667 658 2
667 604 3
667 478 4
668 667 0
668 659 2
668 605 3
668 479 4
669 666 1
669 660 2
669 606 3
669 480 4
670 669 0
670 667 1
670 661 2
670 607 3
670 481 4
671 670 0
671 668 1
671 662 2
671 608 3
671 482 4
672 669 1
672 663 2
672 609 3
672 483 4
673 672 0
673 670 1
673 664 2
673 610 3
673 484 4
674 673 0
674 671 1
674 665 2
674 611 3
674 485 4
675 666 2
675 612 3
675 486 4
676 675 0
676 667 2
676 613 3
676 487 4
677 676 0
677 668 2
677 614 3
677 488 4
678 675 1
678 669 2
678 615 3
678 489 4
679 678 0
679 676 1
679 670 2
679 616 3
679 490 4
680 679 0
680 677 1
680 671 2
680 617 3
680 491 4
681 678 1
681 672 2
681 618 3
681 492 4
682 681 0
682 679 1
682 673 2
682 619 3
682 493 4
683 682 0
683 680 1
683 674 2
683 620 3
683 494 4
684 675 2
684 621 3
684 495 4
685 684 0
685 676 2
685 622 3
685 496 4
686 685 0
686 677 2
686 623 3
686 497 4
687 684 1
687 678 2
687 624 3
687 498 4
688 687 0
688 685 1
688 679 2
688 625 3
688 499 4
689 688 0
689 686 1
689 680 2
689 626 3
689 500 4
690 687 1
690 681 2
690 627 3
690 501 4
691 690 0
691 688 1
691 682 2
691 628 3
691 502 4
692 691 0
692 683 2
692 689 1
692 629 3
692 503 4
693 630 3
693 504 4
694 693 0
694 631 3
694 505 4
695 694 0
695 632 3
695 506 4
696 693 1
696 633 3
696 507 4
697 696 0
697 694 1
697 634 3
697 508 4
698 697 0
698 695 1
698 635 3
698 509 4
699 696 1
699 636 3
699 510 4
700 699 0
700 697 1
700 637 3
700 511 4
701 700 0
701 698 1
701 638 3
701 512 4
702 693 2
702 639 3
702 513 4
703 702 0
703 694 2
703 640 3
703 514 4
704 703 0
704 695 2
704 641 3
704 515 4
705 702 1
705 696 2
705 642 3
705 516 4
706 705 0
706 703 1
706 697 2
706 643 3
706 517 4
707 706 0
707 704 1
707 698 2
707 644 3
707 518 4
708 705 1
708 699 2
708 645 3
708 519 4
709 708 0
709 706 1
709 700 2
709 646 3
709 520 4
710 709 0
710 707 1
710 701 2
710 647 3
710 521 4
711 702 2
711 648 3
711 522 4
712 711 0
712 703 2
712 649 3
712 523 4
713 712 0
713 704 2
713 650 3
713 524 4
714 711 1
714 705 2
714 651 3
714 525 4
715 714 0
715 712 1
715 706 2
715 652 3
715 526 4
716 715 0
716 713 1
716 707 2
716 653 3
716 527 4
717 714 1
717 708 2
717 654 3
717 528 4
718 717 0
718 715 1
718 709 2
718 655 3
718 529 4
719 718 0
719 716 1
719 710 2
719 656 3
719 530 4
720 711 2
720 657 3
720 531 4
721 720 0
721 712 2
721 658 3
721 532 4
722 721 0
722 713 2
722 659 3
722 533 4
723 720 1
723 714 2
723 660 3
723 534 4
724 723 0
724 721 1
724 715 2
724 661 3
724 535 4
725 724 0
725 722 1
725 716 2
725 662 3
725 536 4
726 723 1
726 717 2
726 663 3
726 537 4
727 726 0
727 724 1
727 718 2
727 664 3
727 538 4
728 727 0
728 725 1
728 719 2
728 665 3
728 539 4
729 720 2
729 666 3
729 540 4
730 729 0
730 721 2
730 667 3
730 541 4
731 730 0
731 722 2
731 668 3
731 542 4
732 729 1
732 723 2
732 669 3
732 543 4
733 732 0
733 730 1
733 724 2
733 670 3
733 544 4
734 733 0
734 731 1
734 725 2
734 671 3
734 545 4
735 732 1
735 726 2
735 672 3
735 546 4
736 735 0
736 733 1
736 727 2
736 673 3
736 547 4
737 736 0
737 734 1
737 728 2
737 674 3
737 548 4
738 729 2
738 675 3
738 549 4
739 738 0
739 730 2
739 676 3
739 550 4
740 739 0
740 731 2
740 677 3
740 551 4
741 738 1
741 732 2
741 678 3
741 552 4
742 741 0
742 739 1
742 733 2
742 679 3
742 553 4
743 742 0
743 740 1
743 734 2
743 680 3
743 554 4
744 741 1
744 735 2
744 681 3
744 555 4
745 744 0
745 742 1
745 736 2
745 682 3
745 556 4
746 745 0
746 743 1
746 737 2
746 683 3
746 557 4
747 738 2
747 684 3
747 558 4
748 747 0
748 739 2
748 685 3
748 559 4
749 748 0
749 740 2
749 686 3
749 560 4
750 747 1
750 741 2
750 687 3
750 561 4
751 750 0
751 748 1
751 742 2
751 688 3
751 562 4
752 751 0
752 749 1
752 743 2
752 689 3
752 563 4
753 750 1
753 744 2
753 690 3
753 564 4
754 753 0
754 751 1
754 745 2
754 691 3
754 565 4
755 754 0
755 746 2
755 752 1
755 692 3
755 566 4
756 567 4
757 756 0
757 568 4
758 757 0
758 569 4
759 756 1
759 570 4
760 759 0
760 757 1
760 571 4
761 760 0
761 758 1
761 572 4
762 759 1
762 573 4
763 762 0
763 760 1
763 574 4
764 763 0
764 761 1
764 575 4
765 756 2
765 576 4
766 765 0
766 757 2
766 577 4
767 766 0
767 758 2
767 578 4
768 765 1
768 759 2
768 579 4
769 768 0
769 766 1
769 760 2
769 580 4
770 769 0
770 767 1
770 761 2
770 581 4
771 768 1
771 762 2
771 582 4
772 771 0
772 769 1
772 763 2
772 583 4
773 772 0
773 770 1
773 764 2
773 584 4
774 765 2
774 585 4
775 774 0
775 766 2
775 586 4
776 775 0
776 767 2
776 587 4
777 774 1
777 768 2
777 588 4
778 777 0
778 775 1
778 769 2
778 589 4
779 778 0
779 776 1
779 770 2
779 590 4
780 777 1
780 771 2
780 591 4
781 780 0
781 778 1
781 772 2
781 592 4
782 781 0
782 779 1
782 773 2
782 593 4
783 774 2
783 594 4
784 783 0
784 775 2
784 595 4
785 784 0
785 776 2
785 596 4
786 783 1
786 777 2
786 597 4
787 786 0
787 784 1
787 778 2
787 598 4
788 787 0
788 785 1
788 779 2
788 599 4
789 786 1
789 780 2
789 600 4
790 789 0
790 787 1
790 781 2
790 601 4
791 790 0
791 788 1
791 782 2
791 602 4
792 783 2
792 603 4
793 792 0
793 784 2
793 604 4
794 793 0
794 785 2
794 605 4
795 792 1
795 786 2
795 606 4
796 795 0
796 793 1
796 787 2
796 607 4
797 796 0
797 794 1
797 788 2
797 608 4
798 795 1
798 789 2
798 609 4
799 798 0
799 796 1
799 790 2
799 610 4
800 799 0
800 797 1
800 791 2
800 611 4
801 792 2
801 612 4
802 801 0
802 793 2
802 613 4
803 802 0
803 794 2
803 614 4
804 801 1
804 795 2
804 615 4
805 804 0
805 802 1
805 796 2
805 616 4
806 805 0
806 803 1
806 797 2
806 617 4
807 804 1
807 798 2
807 618 4
808 807 0
808 805 1
808 799 2
808 619 4
809 808 0
809 806 1
809 800 2
809 620 4
810 801 2
810 621 4
811 810 0
811 802 2
811 622 4
812 811 0
812 803 2
812 623 4
813 810 1
813 804 2
813 624 4
814 813 0
814 811 1
814 805 2
814 625 4
815 814 0
815 812 1
815 806 2
815 626 4
816 813 1
816 807 2
816 627 4
817 816 0
817 814 1
817 808 2
817 628 4
818 817 0
818 809 2
818 815 1
818 629 4
819 756 3
819 630 4
820 819 0
820 757 3
820 631 4
821 820 0
821 758 3
821 632 4
822 819 1
822 759 3
822 633 4
823 822 0
823 820 1
823 760 3
823 634 4
824 823 0
824 821 1
824 761 3
824 635 4
825 822 1
825 762 3
825 636 4
826 825 0
826 823 1
826 763 3
826 637 4
827 826 0
827 824 1
827 764 3
827 638 4
828 819 2
828 765 3
828 639 4
829 828 0
829 820 2
829 766 3
829 640 4
830 829 0
830 821 2
830 767 3
830 641 4
831 828 1
831 822 2
831 768 3
831 642 4
832 831 0
832 829 1
832 823 2
832 769 3
832 643 4
833 832 0
833 830 1
833 824 2
833 770 3
833 644 4
834 831 1
834 825 2
834 771 3
834 645 4
835 834 0
835 832 1
835 826 2
835 772 3
835 646 4
836 835 0
836 833 1
836 827 2
836 773 3
836 647 4
837 828 2
837 774 3
837 648 4
838 837 0
838 829 2
838 775 3
838 649 4
839 838 0
839 830 2
839 776 3
839 650 4
840 837 1
840 831 2
840 777 3
840 651 4
841 840 0
841 838 1
841 832 2
841 778 3
841 652 4
842 841 0
842 839 1
842 833 2
842 779 3
842 653 4
843 840 1
843 834 2
843 780 3
843 654 4
844 843 0
844 841 1
844 835 2
844 781 3
844 655 4
845 844 0
845 842 1
845 836 2
845 782 3
845 656 4
846 837 2
846 783 3
846 657 4
847 846 0
847 838 2
847 784 3
847 658 4
848 847 0
848 839 2
848 785 3
848 659 4
849 846 1
849 840 2
849 786 3
849 660 4
850 849 0
850 847 1
850 841 2
850 787 3
850 661 4
851 850 0
851 848 1
851 842 2
851 788 3
851 662 4
852 849 1
852 843 2
852 789 3
852 663 4
853 852 0
853 850 1
853 844 2
853 790 3
853 664 4
854 853 0
854 851 1
854 845 2
854 791 3
854 665 4
855 846 2
855 792 3
855 666 4
856 855 0
856 847 2
856 793 3
856 667 4
857 856 0
857 848 2
857 794 3
857 668 4
858 855 1
858 849 2
858 795 3
858 669 4
859 858 0
859 856 1
859 850 2
859 796 3
859 670 4
860 859 0
860 857 1
860 851 2
860 797 3
860 671 4
861 858 1
861 852 2
861 798 3
861 672 4
862 861 0
862 859 1
862 853 2
862 799 3
862 673 4
863 862 0
863 860 1
863 854 2
863 800 3
863 674 4
864 855 2
864 801 3
864 675 4
865 864 0
865 856 2
865 802 3
865 676 4
866 865 0
866 857 2
866 803 3
866 677 4
867 864 1
867 858 2
867 804 3
867 678 4
868 867 0
868 865 1
868 859 2
868 805 3
868 679 4
869 868 0
869 866 1
869 860 2
869 806 3
869 680 4
870 867 1
870 861 2
870 807 3
870 681 4
871 870 0
871 868 1
871 862 2
871 808 3
871 682 4
872 871 0
872 869 1
872 863 2
872 809 3
872 683 4
873 864 2
873 810 3
873 684 4
874 873 0
874 865 2
874 811 3
874 685 4
875 874 0
875 866 2
875 812 3
875 686 4
876 873 1
876 867 2
876 813 3
876 687 4
877 876 0
877 874 1
877 868 2
877 814 3
877 688 4
878 877 0
878 875 1
878 869 2
878 815 3
878 689 4
879 876 1
879 870 2
879 816 3
879 690 4
880 879 0
880 877 1
880 871 2
880 817 3
880 691 4
881 880 0
881 872 2
881 878 1
881 818 3
881 692 4
882 819 3
882 693 4
883 882 0
883 820 3
883 694 4
884 883 0
884 821 3
884 695 4
885 882 1
885 822 3
885 696 4
886 885 0
886 883 1
886 823 3
886 697 4
887 886 0
887 884 1
887 824 3
887 698 4
888 885 1
888 825 3
888 699 4
889 888 0
889 886 1
889 826 3
889 700 4
890 889 0
890 887 1
890 827 3
890 701 4
891 882 2
891 828 3
891 702 4
892 891 0
892 883 2
892 829 3
892 703 4
893 892 0
893 884 2
893 830 3
893 704 4
894 891 1
894 885 2
894 831 3
894 705 4
895 894 0
895 892 1
895 886 2
895 832 3
895 706 4
896 895 0
896 893 1
896 887 2
896 833 3
896 707 4
897 894 1
897 888 2
897 834 3
897 708 4
898 897 0
898 895 1
898 889 2
898 835 3
898 709 4
899 898 0
899 896 1
899 890 2
899 836 3
899 710 4
900 891 2
900 837 3
900 711 4
901 900 0
901 892 2
901 838 3
901 712 4
902 901 0
902 893 2
902 839 3
902 713 4
903 900 1
903 894 2
903 840 3
903 714 4
904 903 0
904 901 1
904 895 2
904 841 3
904 715 4
905 904 0
905 902 1
905 896 2
905 842 3
905 716 4
906 903 1
906 897 2
906 843 3
906 717 4
907 906 0
907 904 1
907 898 2
907 844 3
907 718 4
908 907 0
908 905 1
908 899 2
908 845 3
908 719 4
909 900 2
909 846 3
909 720 4
910 909 0
910 901 2
910 847 3
910 721 4
911 910 0
911 902 2
911 848 3
911 722 4
912 909 1
912 903 2
912 849 3
912 723 4
913 912 0
913 910 1
913 904 2
913 850 3
913 724 4
914 913 0
914 911 1
914 905 2
914 851 3
914 725 4
915 912 1
915 906 2
915 852 3
915 726 4
916 915 0
916 913 1
916 907 2
916 853 3
916 727 4
917 916 0
917 914 1
917 908 2
917 854 3
917 728 4
918 909 2
918 855 3
918 729 4
919 918 0
919 910 2
919 856 3
919 730 4
920 919 0
920 911 2
920 857 3
920 731 4
921 918 1
921 912 2
921 858 3
921 732 4
922 921 0
922 919 1
922 913 2
922 859 3
922 733 4
923 922 0
923 920 1
923 914 2
923 860 3
923 734 4
924 921 1
924 915 2
924 861 3
924 735 4
925 924 0
925 922 1
925 916 2
925 862 3
925 736 4
926 925 0
926 923 1
926 917 2
926 863 3
926 737 4
927 918 2
927 864 3
927 738 4
928 927 0
928 919 2
928 865 3
928 739 4
929 928 0
929 920 2
929 866 3
929 740 4
930 927 1
930 921 2
930 867 3
930 741 4
931 930 0
931 928 1
931 922 2
931 868 3
931 742 4
932 931 0
932 929 1
932 923 2
932 869 3
932 743 4
933 930 1
933 924 2
933 870 3
933 744 4
934 933 0
934 931 1
934 925 2
934 871 3
934 745 4
935 934 0
935 932 1
935 926 2
935 872 3
935 746 4
936 927 2
936 873 3
936 747 4
937 936 0
937 928 2
937 874 3
937 748 4
938 937 0
938 929 2
938 875 3
938 749 4
939 936 1
939 930 2
939 876 3
939 750 4
940 939 0
940 937 1
940 931 2
940 877 3
940 751 4
941 940 0
941 938 1
941 932 2
941 878 3
941 752 4
942 939 1
942 933 2
942 879 3
942 753 4
943 942 0
943 940 1
943 934 2
943 880 3
943 754 4
944 943 0
944 935 2
944 941 1
944 881 3
944 755 4
945 756 4
946 945 0
946 757 4
947 946 0
947 758 4
948 945 1
948 759 4
949 948 0
949 946 1
949 760 4
950 949 0
950 947 1
950 761 4
951 948 1
951 762 4
952 951 0
952 949 1
952 763 4
953 952 0
953 950 1
953 764 4
954 945 2
954 765 4
955 954 0
955 946 2
955 766 4
956 955 0
956 947 2
956 767 4
957 954 1
957 948 2
957 768 4
958 957 0
958 955 1
958 949 2
958 769 4
959 958 0
959 956 1
959 950 2
959 770 4
960 957 1
960 951 2
960 771 4
961 960 0
961 958 1
961 952 2
961 772 4
962 961 0
962 959 1
962 953 2
962 773 4
963 954 2
963 774 4
964 963 0
964 955 2
964 775 4
965 964 0
965 956 2
965 776 4
966 963 1
966 957 2
966 777 4
967 966 0
967 964 1
967 958 2
967 778 4
968 967 0
968 965 1
968 959 2
968 779 4
969 966 1
969 960 2
969 780 4
970 969 0
970 967 1
970 961 2
970 781 4
971 970 0
971 968 1
971 962 2
971 782 4
972 963 2
972 783 4
973 972 0
973 964 2
973 784 4
974 973 0
974 965 2
974 785 4
975 972 1
975 966 2
975 786 4
976 975 0
976 973 1
976 967 2
976 787 4
977 976 0
977 974 1
977 968 2
977 788 4
978 975 1
978 969 2
978 789 4
979 978 0
979 976 1
979 970 2
979 790 4
980 979 0
980 977 1
980 971 2
980 791 4
981 972 2
981 792 4
982 981 0
982 973 2
982 793 4
983 982 0
983 974 2
983 794 4
984 981 1
984 975 2
984 795 4
985 984 0
985 982 1
985 976 2
985 796 4
986 985 0
986 983 1
986 977 2
986 797 4
987 984 1
987 978 2
987 798 4
988 987 0
988 985 1
988 979 2
988 799 4
989 988 0
989 986 1
989 980 2
989 800 4
990 981 2
990 801 4
991 990 0
991 982 2
991 802 4
992 991 0
992 983 2
992 803 4
993 990 1
993 984 2
993 804 4
994 993 0
994 991 1
994 985 2
994 805 4
995 994 0
995 992 1
995 986 2
995 806 4
996 993 1
996 987 2
996 807 4
997 996 0
997 994 1
997 988 2
997 808 4
998 997 0
998 995 1
998 989 2
998 809 4
999 990 2
999 810 4
1000 999 0
1000 991 2
1000 811 4
1001 1000 0
1001 992 2
1001 812 4
1002 999 1
1002 993 2
1002 813 4
1003 1002 0
1003 1000 1
1003 994 2
1003 814 4
1004 1003 0
1004 1001 1
1004 995 2
1004 815 4
1005 1002 1
1005 996 2
1005 816 4
1006 1005 0
1006 1003 1
1006 997 2
1006 817 4
1007 1006 0
1007 998 2
1007 1004 1
1007 818 4
1008 945 3
1008 819 4
1009 1008 0
1009 946 3
1009 820 4
1010 1009 0
1010 947 3
1010 821 4
1011 1008 1
1011 948 3
1011 822 4
1012 1011 0
1012 1009 1
1012 949 3
1012 823 4
1013 1012 0
1013 1010 1
1013 950 3
1013 824 4
1014 1011 1
1014 951 3
1014 825 4
1015 1014 0
1015 1012 1
1015 952 3
1015 826 4
1016 1015 0
1016 1013 1
1016 953 3
1016 827 4
1017 1008 2
1017 954 3
1017 828 4
1018 1017 0
1018 1009 2
1018 955 3
1018 829 4
1019 1018 0
1019 1010 2
1019 956 3
1019 830 4
1020 1017 1
1020 1011 2
1020 957 3
1020 831 4
1021 1020 0
1021 1018 1
1021 1012 2
1021 958 3
1021 832 4
1022 1021 0
1022 1019 1
1022 1013 2
1022 959 3
1022 833 4
1023 1020 1
1023 1014 2
1023 960 3
1023 834 4
1024 1023 0
1024 1021 1
1024 1015 2
1024 961 3
1024 835 4
1025 1024 0
1025 1022 1
1025 1016 2
1025 962 3
1025 836 4
1026 1017 2
1026 963 3
1026 837 4
1027 1026 0
1027 1018 2
1027 964 3
1027 838 4
1028 1027 0
1028 1019 2
1028 965 3
1028 839 4
1029 1026 1
1029 1020 2
1029 966 3
1029 840 4
1030 1029 0
1030 1027 1
1030 1021 2
1030 967 3
1030 841 4
1031 1030 0
1031 1028 1
1031 1022 2
1031 968 3
1031 842 4
1032 1029 1
1032 1023 2
1032 969 3
1032 843 4
1033 1032 0
1033 1030 1
1033 1024 2
1033 970 3
1033 844 4
1034 1033 0
1034 1031 1
1034 1025 2
1034 971 3
1034 845 4
1035 1026 2
1035 972 3
1035 846 4
1036 1035 0
1036 1027 2
1036 973 3
1036 847 4
1037 1036 0
1037 1028 2
1037 974 3
1037 848 4
1038 1035 1
1038 1029 2
1038 975 3
1038 849 4
1039 1038 0
1039 1036 1
1039 1030 2
1039 976 3
1039 850 4
1040 1039 0
1040 1037 1
1040 1031 2
1040 977 3
1040 851 4
1041 1038 1
1041 1032 2
1041 978 3
1041 852 4
1042 1041 0
1042 1039 1
1042 1033 2
1042 979 3
1042 853 4
1043 1042 0
1043 1040 1
1043 1034 2
1043 980 3
1043 854 4
1044 1035 2
1044 981 3
1044 855 4
1045 1044 0
1045 1036 2
1045 982 3
1045 856 4
1046 1045 0
1046 1037 2
1046 983 3
1046 857 4
1047 1044 1
1047 1038 2
1047 984 3
1047 858 4
1048 1047 0
1048 1045 1
1048 1039 2
1048 985 3
1048 859 4
1049 1048 0
1049 1046 1
1049 1040 2
1049 986 3
1049 860 4
1050 1047 1
1050 1041 2
1050 987 3
1050 861 4
1051 1050 0
1051 1048 1
1051 1042 2
1051 988 3
1051 862 4
1052 1051 0
1052 1049 1
1052 1043 2
1052 989 3
1052 863 4
1053 1044 2
1053 990 3
1053 864 4
1054 1053 0
1054 1045 2
1054 991 3
1054 865 4
1055 1054 0
1055 1046 2
1055 992 3
1055 866 4
1056 1053 1
1056 1047 2
1056 993 3
1056 867 4
1057 1056 0
1057 1054 1
1057 1048 2
1057 994 3
1057 868 4
1058 1057 0
1058 1055 1
1058 1049 2
1058 995 3
1058 869 4
1059 1056 1
1059 1050 2
1059 996 3
1059 870 4
1060 1059 0
1060 1057 1
1060 1051 2
1060 997 3
1060 871 4
1061 1060 0
1061 1058 1
1061 1052 2
1061 998 3
1061 872 4
1062 1053 2
1062 999 3
1062 873 4
1063 1062 0
1063 1054 2
1063 1000 3
1063 874 4
1064 1063 0
1064 1055 2
1064 1001 3
1064 875 4
1065 1062 1
1065 1056 2
1065 1002 3
1065 876 4
1066 1065 0
1066 1063 1
1066 1057 2
1066 1003 3
1066 877 4
1067 1066 0
1067 1064 1
1067 1058 2
1067 1004 3
1067 878 4
1068 1065 1
1068 1059 2
1068 1005 3
1068 879 4
1069 1068 0
1069 1066 1
1069 1060 2
1069 1006 3
1069 880 4
1070 1069 0
1070 1061 2
1070 1067 1
1070 1007 3
1070 881 4
1071 1008 3
1071 882 4
1072 1071 0
1072 1009 3
1072 883 4
1073 1072 0
1073 1010 3
1073 884 4
1074 1071 1
1074 1011 3
1074 885 4
1075 1074 0
1075 1072 1
1075 1012 3
1075 886 4
1076 1075 0
1076 1073 1
1076 1013 3
1076 887 4
1077 1074 1
1077 1014 3
1077 888 4
1078 1077 0
1078 1075 1
1078 1015 3
1078 889 4
1079 1078 0
1079 1076 1
1079 1016 3
1079 890 4
1080 1071 2
1080 1017 3
1080 891 4
1081 1080 0
1081 1072 2
1081 1018 3
1081 892 4
1082 1081 0
1082 1073 2
1082 1019 3
1082 893 4
1083 1080 1
1083 1074 2
1083 1020 3
1083 894 4
1084 1083 0
1084 1081 1
1084 1075 2
1084 1021 3
1084 895 4
1085 1084 0
1085 1082 1
1085 1076 2
1085 1022 3
1085 896 4
1086 1083 1
1086 1077 2
1086 1023 3
1086 897 4
1087 1086 0
1087 1084 1
1087 1078 2
1087 1024 3
1087 898 4
1088 1087 0
1088 1085 1
1088 1079 2
1088 1025 3
1088 899 4
1089 1080 2
1089 1026 3
1089 900 4
1090 1089 0
1090 1081 2
1090 1027 3
1090 901 4
1091 1090 0
1091 1082 2
1091 1028 3
1091 902 4
1092 1089 1
1092 1083 2
1092 1029 3
1092 903 4
1093 1092 0
1093 1090 1
1093 1084 2
1093 1030 3
1093 904 4
1094 1093 0
1094 1091 1
1094 1085 2
1094 1031 3
1094 905 4
1095 1092 1
1095 1086 2
1095 1032 3
1095 906 4
1096 1095 0
1096 1093 1
1096 1087 2
1096 1033 3
1096 907 4
1097 1096 0
1097 1094 1
1097 1088 2
1097 1034 3
1097 908 4
1098 1089 2
1098 1035 3
1098 909 4
1099 1098 0
1099 1090 2
1099 1036 3
1099 910 4
1100 1099 0
1100 1091 2
1100 1037 3
1100 911 4
1101 1098 1
1101 1092 2
1101 1038 3
1101 912 4
1102 1101 0
1102 1099 1
1102 1093 2
1102 1039 3
1102 913 4
1103 1102 0
1103 1100 1
1103 1094 2
1103 1040 3
1103 914 4
1104 1101 1
1104 1095 2
1104 1041 3
1104 915 4
1105 1104 0
1105 1102 1
1105 1096 2
1105 1042 3
1105 916 4
1106 1105 0
1106 1103 1
1106 1097 2
1106 1043 3
1106 917 4
1107 1098 2
1107 1044 3
1107 918 4
1108 1107 0
1108 1099 2
1108 1045 3
1108 919 4
1109 1108 0
1109 1100 2
1109 1046 3
1109 920 4
1110 1107 1
1110 1101 2
1110 1047 3
1110 921 4
1111 1110 0
1111 1108 1
1111 1102 2
1111 1048 3
1111 922 4
1112 1111 0
1112 1109 1
1112 1103 2
1112 1049 3
1112 923 4
1113 1110 1
1113 1104 2
1113 1050 3
1113 924 4
1114 1113 0
1114 1111 1
1114 1105 2
1114 1051 3
1114 925 4
1115 1114 0
1115 1112 1
1115 1106 2
1115 1052 3
1115 926 4
1116 1107 2
1116 1053 3
1116 927 4
1117 1116 0
1117 1108 2
1117 1054 3
1117 928 4
1118 1117 0
1118 1109 2
1118 1055 3
1118 929 4
1119 1116 1
1119 1110 2
1119 1056 3
1119 930 4
1120 1119 0
1120 1117 1
1120 1111 2
1120 1057 3
1120 931 4
1121 1120 0
1121 1118 1
1121 1112 2
1121 1058 3
1121 932 4
1122 1119 1
1122 1113 2
1122 1059 3
1122 933 4
1123 1122 0
1123 1120 1
1123 1114 2
1123 1060 3
1123 934 4
1124 1123 0
1124 1121 1
1124 1115 2
1124 1061 3
1124 935 4
1125 1116 2
1125 1062 3
1125 936 4
1126 1125 0
1126 1117 2
1126 1063 3
1126 937 4
1127 1126 0
1127 1118 2
1127 1064 3
1127 938 4
1128 1125 1
1128 1119 2
1128 1065 3
1128 939 4
1129 1128 0
1129 1126 1
1129 1120 2
1129 1066 3
1129 940 4
1130 1129 0
1130 1127 1
1130 1121 2
1130 1067 3
1130 941 4
1131 1128 1
1131 1122 2
1131 1068 3
1131 942 4
1132 1131 0
1132 1129 1
1132 1123 2
1132 1069 3
1132 943 4
1133 1132 0
1133 1124 2
1133 1130 1
1133 944 4
1133 1070 3
1134 945 4
1135 1134 0
1135 946 4
1136 1135 0
1136 947 4
1137 1134 1
1137 948 4
1138 1137 0
1138 1135 1
1138 949 4
1139 1138 0
1139 1136 1
1139 950 4
1140 1137 1
1140 951 4
1141 1140 0
1141 1138 1
1141 952 4
1142 1141 0
1142 1139 1
1142 953 4
1143 1134 2
1143 954 4
1144 1143 0
1144 1135 2
1144 955 4
1145 1144 0
1145 1136 2
1145 956 4
1146 1143 1
1146 1137 2
1146 957 4
1147 1146 0
1147 1144 1
1147 1138 2
1147 958 4
1148 1147 0
1148 1145 1
1148 1139 2
1148 959 4
1149 1146 1
1149 1140 2
1149 960 4
1150 1149 0
1150 1147 1
1150 1141 2
1150 961 4
1151 1150 0
1151 1148 1
1151 1142 2
1151 962 4
1152 1143 2
1152 963 4
1153 1152 0
1153 1144 2
1153 964 4
1154 1153 0
1154 1145 2
1154 965 4
1155 1152 1
1155 1146 2
1155 966 4
1156 1155 0
1156 1153 1
1156 1147 2
1156 967 4
1157 1156 0
1157 1154 1
1157 1148 2
1157 968 4
1158 1155 1
1158 1149 2
1158 969 4
1159 1158 0
1159 1156 1
1159 1150 2
1159 970 4
1160 1159 0
1160 1157 1
1160 1151 2
1160 971 4
1161 1152 2
1161 972 4
1162 1161 0
1162 1153 2
1162 973 4
1163 1162 0
1163 1154 2
1163 974 4
1164 1161 1
1164 1155 2
1164 975 4
1165 1164 0
1165 1162 1
1165 1156 2
1165 976 4
1166 1165 0
1166 1163 1
1166 1157 2
1166 977 4
1167 1164 1
1167 1158 2
1167 978 4
1168 1167 0
1168 1165 1
1168 1159 2
1168 979 4
1169 1168 0
1169 1166 1
1169 1160 2
1169 980 4
1170 1161 2
1170 981 4
1171 1170 0
1171 1162 2
1171 982 4
1172 1171 0
1172 1163 2
1172 983 4
1173 1170 1
1173 1164 2
1173 984 4
1174 1173 0
1174 1171 1
1174 1165 2
1174 985 4
1175 1174 0
1175 1172 1
1175 1166 2
1175 986 4
1176 1173 1
1176 1167 2
1176 987 4
1177 1176 0
1177 1174 1
1177 1168 2
1177 988 4
1178 1177 0
1178 1175 1
1178 1169 2
1178 989 4
1179 1170 2
1179 990 4
1180 1179 0
1180 1171 2
1180 991 4
1181 1180 0
1181 1172 2
1181 992 4
1182 1179 1
1182 1173 2
1182 993 4
1183 1182 0
1183 1180 1
1183 1174 2
1183 994 4
1184 1183 0
1184 1181 1
1184 1175 2
1184 995 4
1185 1182 1
1185 1176 2
1185 996 4
1186 1185 0
1186 1183 1
1186 1177 2
1186 997 4
1187 1186 0
1187 1184 1
1187 1178 2
1187 998 4
1188 1179 2
1188 999 4
1189 1188 0
1189 1180 2
1189 1000 4
1190 1189 0
1190 1181 2
1190 1001 4
1191 1188 1
1191 1182 2
1191 1002 4
1192 1191 0
1192 1189 1
1192 1183 2
1192 1003 4
1193 1192 0
1193 1190 1
1193 1184 2
1193 1004 4
1194 1191 1
1194 1185 2
1194 1005 4
1195 1194 0
1195 1192 1
1195 1186 2
1195 1006 4
1196 1195 0
1196 1193 1
1196 1187 2
1196 1007 4
1197 1134 3
1197 1008 4
1198 1197 0
1198 1135 3
1198 1009 4
1199 1198 0
1199 1136 3
1199 1010 4
1200 1197 1
1200 1137 3
1200 1011 4
1201 1200 0
1201 1198 1
1201 1138 3
1201 1012 4
1202 1201 0
1202 1199 1
1202 1139 3
1202 1013 4
1203 1200 1
1203 1140 3
1203 1014 4
1204 1203 0
1204 1201 1
1204 1141 3
1204 1015 4
1205 1204 0
1205 1202 1
1205 1142 3
1205 1016 4
1206 1197 2
1206 1143 3
1206 1017 4
1207 1206 0
1207 1198 2
1207 1144 3
1207 1018 4
1208 1207 0
1208 1199 2
1208 1145 3
1208 1019 4
1209 1206 1
1209 1200 2
1209 1146 3
1209 1020 4
1210 1209 0
1210 1207 1
1210 1201 2
1210 1147 3
1210 1021 4
1211 1210 0
1211 1208 1
1211 1202 2
1211 1148 3
1211 1022 4
1212 1209 1
1212 1203 2
1212 1149 3
1212 1023 4
1213 1212 0
1213 1210 1
1213 1204 2
1213 1150 3
1213 1024 4
1214 1213 0
1214 1211 1
1214 1205 2
1214 1151 3
1214 1025 4
1215 1206 2
1215 1152 3
1215 1026 4
1216 1215 0
1216 1207 2
1216 1153 3
1216 1027 4
1217 1216 0
1217 1208 2
1217 1154 3
1217 1028 4
1218 1215 1
1218 1209 2
1218 1155 3
1218 1029 4
1219 1218 0
1219 1216 1
1219 1210 2
1219 1156 3
1219 1030 4
1220 1219 0
1220 1217 1
1220 1211 2
1220 1157 3
1220 1031 4
1221 1218 1
1221 1212 2
1221 1158 3
1221 1032 4
1222 1221 0
1222 1219 1
1222 1213 2
1222 1159 3
1222 1033 4
1223 1222 0
1223 1220 1
1223 1214 2
1223 1160 3
1223 1034 4
1224 1215 2
1224 1161 3
1224 1035 4
1225 1224 0
1225 1216 2
1225 1162 3
1225 1036 4
1226 1225 0
1226 1217 2
1226 1163 3
1226 1037 4
1227 1224 1
1227 1218 2
1227 1164 3
1227 1038 4
1228 1227 0
1228 1225 1
1228 1219 2
1228 1165 3
1228 1039 4
1229 1228 0
1229 1226 1
1229 1220 2
1229 1166 3
1229 1040 4
1230 1227 1
1230 1221 2
1230 1167 3
1230 1041 4
1231 1230 0
1231 1228 1
1231 1222 2
1231 1168 3
1231 1042 4
1232 1231 0
1232 1229 1
1232 1223 2
1232 1169 3
1232 1043 4
1233 1224 2
1233 1170 3
1233 1044 4
1234 1233 0
1234 1225 2
1234 1171 3
1234 1045 4
1235 1234 0
1235 1226 2
1235 1172 3
1235 1046 4
1236 1233 1
1236 1227 2
1236 1173 3
1236 1047 4
1237 1236 0
1237 1234 1
1237 1228 2
1237 1174 3
1237 1048 4
1238 1237 0
1238 1235 1
1238 1229 2
1238 1175 3
1238 1049 4
1239 1236 1
1239 1230 2
1239 1176 3
1239 1050 4
1240 1239 0
1240 1237 1
1240 1231 2
1240 1177 3
1240 1051 4
1241 1240 0
1241 1238 1
1241 1232 2
1241 1178 3
1241 1052 4
1242 1233 2
1242 1179 3
1242 1053 4
1243 1242 0
1243 1234 2
1243 1180 3
1243 1054 4
1244 1243 0
1244 1235 2
1244 1181 3
1244 1055 4
1245 1242 1
1245 1236 2
1245 1182 3
1245 1056 4
1246 1245 0
1246 1243 1
1246 1237 2
1246 1183 3
1246 1057 4
1247 1246 0
1247 1244 1
1247 1238 2
1247 1184 3
1247 1058 4
1248 1245 1
1248 1239 2
1248 1185 3
1248 1059 4
1249 1248 0
1249 1246 1
1249 1240 2
1249 1186 3
1249 1060 4
1250 1249 0
1250 1247 1
1250 1241 2
1250 1187 3
1250 1061 4
1251 1242 2
1251 1188 3
1251 1062 4
1252 1251 0
1252 1243 2
1252 1189 3
1252 1063 4
1253 1252 0
1253 1244 2
1253 1190 3
1253 1064 4
1254 1251 1
1254 1245 2
1254 1191 3
1254 1065 4
1255 1254 0
1255 1252 1
1255 1246 2
1255 1192 3
1255 1066 4
1256 1255 0
1256 1253 1
1256 1247 2
1256 1193 3
1256 1067 4
1257 1254 1
1257 1248 2
1257 1194 3
1257 1068 4
1258 1257 0
1258 1255 1
1258 1249 2
1258 1195 3
1258 1069 4
1259 1258 0
1259 1256 1
1259 1250 2
1259 1196 3
1259 1070 4
1260 1197 3
1260 1071 4
1261 1260 0
1261 1198 3
1261 1072 4
1262 1261 0
1262 1199 3
1262 1073 4
1263 1260 1
1263 1200 3
1263 1074 4
1264 1263 0
1264 1261 1
1264 1201 3
1264 1075 4
1265 1264 0
1265 1262 1
1265 1202 3
1265 1076 4
1266 1263 1
1266 1203 3
1266 1077 4
1267 1266 0
1267 1264 1
1267 1204 3
1267 1078 4
1268 1267 0
1268 1265 1
1268 1205 3
1268 1079 4
1269 1260 2
1269 1206 3
1269 1080 4
1270 1269 0
1270 1261 2
1270 1207 3
1270 1081 4
1271 1270 0
1271 1262 2
1271 1208 3
1271 1082 4
1272 1269 1
1272 1263 2
1272 1209 3
1272 1083 4
1273 1272 0
1273 1270 1
1273 1264 2
1273 1210 3
1273 1084 4
1274 1273 0
1274 1271 1
1274 1265 2
1274 1211 3
1274 1085 4
1275 1272 1
1275 1266 2
1275 1212 3
1275 1086 4
1276 1275 0
1276 1273 1
1276 1267 2
1276 1213 3
1276 1087 4
1277 1276 0
1277 1274 1
1277 1268 2
1277 1214 3
1277 1088 4
1278 1269 2
1278 1215 3
1278 1089 4
1279 1278 0
1279 1270 2
1279 1216 3
1279 1090 4
1280 1279 0
1280 1271 2
1280 1217 3
1280 1091 4
1281 1278 1
1281 1272 2
1281 1218 3
1281 1092 4
1282 1281 0
1282 1279 1
1282 1273 2
1282 1219 3
1282 1093 4
1283 1282 0
1283 1280 1
1283 1274 2
1283 1220 3
1283 1094 4
1284 1281 1
1284 1275 2
1284 1221 3
1284 1095 4
1285 1284 0
1285 1282 1
1285 1276 2
1285 1222 3
1285 1096 4
1286 1285 0
1286 1283 1
1286 1277 2
1286 1223 3
1286 1097 4
1287 1278 2
1287 1224 3
1287 1098 4
1288 1287 0
1288 1279 2
1288 1225 3
1288 1099 4
1289 1288 0
1289 1280 2
1289 1226 3
1289 1100 4
1290 1287 1
1290 1281 2
1290 1227 3
1290 1101 4
1291 1290 0
1291 1288 1
1291 1282 2
1291 1228 3
1291 1102 4
1292 1291 0
1292 1289 1
1292 1283 2
1292 1229 3
1292 1103 4
1293 1290 1
1293 1284 2
1293 1230 3
1293 1104 4
1294 1293 0
1294 1291 1
1294 1285 2
1294 1231 3
1294 1105 4
1295 1294 0
1295 1292 1
1295 1286 2
1295 1232 3
1295 1106 4
1296 1287 2
1296 1233 3
1296 1107 4
1297 1296 0
1297 1288 2
1297 1234 3
1297 1108 4
1298 1297 0
1298 1289 2
1298 1235 3
1298 1109 4
1299 1296 1
1299 1290 2
1299 1236 3
1299 1110 4
1300 1299 0
1300 1297 1
1300 1291 2
1300 1237 3
1300 1111 4
1301 1300 0
1301 1298 1
1301 1292 2
1301 1238 3
1301 1112 4
1302 1299 1
1302 1293 2
1302 1239 3
1302 1113 4
1303 1302 0
1303 1300 1
1303 1294 2
1303 1240 3
1303 1114 4
1304 1303 0
1304 1301 1
1304 1295 2
1304 1241 3
1304 1115 4
1305 1296 2
1305 1242 3
1305 1116 4
1306 1305 0
1306 1297 2
1306 1243 3
1306 1117 4
1307 1306 0
1307 1298 2
1307 1244 3
1307 1118 4
1308 1305 1
1308 1299 2
1308 1245 3
1308 1119 4
1309 1308 0
1309 1306 1
1309 1300 2
1309 1246 3
1309 1120 4
1310 1309 0
1310 1307 1
1310 1301 2
1310 1247 3
1310 1121 4
1311 1308 1
1311 1302 2
1311 1248 3
1311 1122 4
1312 1311 0
1312 1309 1
1312 1303 2
1312 1249 3
1312 1123 4
1313 1312 0
1313 1304 2
1313 1310 1
1313 1250 3
1313 1124 4
1314 1305 2
1314 1251 3
1314 1125 4
1315 1314 0
1315 1306 2
1315 1252 3
1315 1126 4
1316 1315 0
1316 1307 2
1316 1253 3
1316 1127 4
1317 1314 1
1317 1308 2
1317 1254 3
1317 1128 4
1318 1317 0
1318 1315 1
1318 1309 2
1318 1255 3
1318 1129 4
1319 1318 0
1319 1316 1
1319 1310 2
1319 1256 3
1319 1130 4
1320 1317 1
1320 1311 2
1320 1257 3
1320 1131 4
1321 1320 0
1321 1318 1
1321 1312 2
1321 1258 3
1321 1132 4
1322 1321 0
1322 1313 2
1322 1319 1
1322 1259 3
1322 1133 4
