0 3 198 566 
0 1 2 2 
0.0001 1.17775883759e+34 1.17775883759e+34 1.17775883759e+34 
0 3 198 567 
0 1 2 2 
0.0001 1.17775883759e+34 1.17775883759e+34 1.17775883759e+34 
0 3 198 567 
0 1 2 2 
0.0001 1.17775883712e+34 1.17775883712e+34 1.17775883712e+34 
0 3 198 567 
0 1 2 2 
0.0001 1.17775883712e+34 1.17775883712e+34 1.17775883712e+34 
0 3 198 567 
0 1 2 2 
0.0001 1.17775883712e+34 1.17775883712e+34 1.17775883712e+34 
0 3 198 567 
0 1 2 2 
0.0001 1.17775883712e+34 1.17775883712e+34 1.17775883712e+34 
